0.0
0.0
0.0
-2.0
0.6505087315509357
0.45641588418990686
-0.6736088412564536
-0.48640157217863145
0.6470022405465761
0.47079812366772344
-0.6569375121081107
0.5209441660276877
0.38003647546099284
-0.7226993231821819
0.47260982664124107
0.3449078562216892
0.25171972516414076
0.18371252805501026
-1.8659199325662792
0.6381773939494915
0.4657684465446863
0.33993767863605306
0.24810119753110182
0.1810750379256323
0.13215646054500318
0.09645355971075453
0.07039602670182443
-0.9486218990283817
0.3076542128159998
0.22453951385143434
0.1638787684937224
-1.8803940991508883
0.6276060495927833
-1.5419456236847298
0.8746205654085708
0.6383363864857419
-0.5341141536442331
0.6101801028367948
0.44533615767945545
0.32502582830527516
-0.7627819182324638
-0.5567116447156675
-0.4063125356733117
0.703455319800594
0.5134124953819024
0.3747109205018022
0.27348043767203656
0.1995979986095362
0.14567535940801246
0.10632025614730001
0.0775971785013212
-1.9433661812945235
0.5816462645234717
0.42451091305051847
0.30982665288261746
-0.773874941997021
-0.5648078192047192
-0.4122214783328886
0.699142714705653
-0.489735032656883
-0.3574300714134653
0.739131882688608
0.5394508131878988
0.3937148250059792
0.2873503193246574
-0.7902791544241996
0.4232196682561664
0.308884245890507
0.22543724811389865
0.1645339751486805
0.12008409969833078
0.08764263421781227
0.06396543215907613
0.04668477331624743
0.03407259180504418
0.024867669474344822
0.018149514091079233
0.013246310116922011
0.009667737154456901
0.007055937907438192
0.005149732451163125
0.003758500240005347
-0.9972568819471537
-0.7278417404573849
0.4687892269866456
0.3421429052576981
0.24971087405451975
0.18224993025679392
-1.8669860205152524
0.6373918504044607
0.46519648262133373
0.3395207631003423
-1.752202880110615
0.7211656124106494
0.526338242429695
0.3841446966917106
0.2803656206228977
0.20462310661637417
0.1493429032714868
0.10899699025374865
-1.9204492237386148
0.598372063638446
0.4367181336360666
-0.6812639830027072
0.5027837139298912
0.3669535703838358
0.267818783876165
0.19546587575611074
0.14265955521166696
0.10411919018838933
0.07599074418395091
-1.9445386274020917
0.5807905620149398
0.4238863838901814
0.30937084415444094
-1.7742076111658545
0.7051055961405481
0.5146169393177216
0.37558997642666725
0.27412201117827895
-1.7999337529522803
-0.31367046863478354
0.7710695569475927
0.5627603263530849
0.41072712839388625
-0.7002333567259242
0.48893903435331687
0.3568491169962451
0.2604441113387992
-0.8099164831847672
-0.5911125141551672
0.5685802034589154
0.41497472954724657
-0.6971332714096965
0.4912016123640326
0.35850044550252225
0.2616493231912651
-0.8090368668008665
-0.5904705316014418
0.5690487504378385
0.41531669564926066
0.30311631042560894
0.22122755624451695
0.16146155768787818
-0.8821582850999743
0.3561622554738193
0.25994280972335204
0.1897176449452207
0.13846424466161
0.10105726884416111
0.07375601991112823
0.053830372969208895
0.03928776332420991
0.028673930011631654
0.02092748970021674
0.015273798358823143
0.011147486853311683
0.008135924033132902
-0.9940620463837337
0.2744899904326683
0.20033481442069512
0.14621311985079188
0.1067127372659673
0.07788362840773999
0.05684288239028579
0.04148642461186114
0.030278609294622782
0.022098654906845816
-0.983871433990247
0.28192754558527966
0.20576306784769027
0.15017489689487018
0.10960421563153755
0.07999395593135894
0.058383091824316224
-0.9573894631002959
-0.6987447524632939
-0.5099745170726218
0.627798266610788
0.45819466508363416
0.33441053006484367
-0.7559325519474624
0.44828732271712735
0.3271797177817879
0.23879008462462714
0.17427945992992822
0.1271967812282231
-0.9071662193506596
0.3379103700070347
0.24662178449378835
0.1799953774299219
0.13136850810904832
0.09587848959907852
-0.9300236799509829
0.32122799437549876
0.23444625626788884
-1.828890856212932
0.665195369428238
0.48548870826894763
0.3543309179365517
0.25860621939781137
0.18874214279885138
0.13775228047977706
-0.8994623537913196
0.34353298843009483
0.2507254176228759
0.18299038857794425
0.13355439839080674
0.09747384804274972
-0.9288593175010309
0.32207779707672657
0.23506647949051462
0.17156180985335379
0.12521332120152895
0.09138616466985638
0.06669762460516981
0.04867884700100067
0.035527954096930436
0.025929856602554757
0.018924744768433754
0.013812107411155239
0.010080680794994024
0.007357322258330967
0.005369695947501363
0.003919039231421451
0.0028602864384845716
0.0020875622893958834
0.0015235943692468723
0.0011119858860215714
-0.9991884240086009
0.2707485355675594
0.19760413682883282
0.1442201517729904
-0.8947418181055546
0.3469782420769887
-0.7467600854044125
-0.5450182095546126
0.6022218453397272
0.43952787289639605
0.3207866877427046
-0.765875828636716
0.44103028399183497
0.3218832131479257
0.23492446361880948
-0.828541839548425
0.3952938852011396
0.2885027865991754
0.21056196665712967
0.15367734338079675
0.11216045444254252
0.081859610948543
0.05974472854939883
-0.9563956809948069
0.3019805532331503
0.22039863091277923
0.16085657168368694
0.11740016962296274
0.08568378452453462
-0.9374642221214398
0.31579756089208466
0.2304828881231744
0.1682165041665824
0.12277177062664801
0.08960421414937869
0.06539707908704706
-2.9522703480665795
0.8453038255880632
-0.383060253813416
0.7204258532754064
-1.474201666179873
-1.0759369285098552
1.2147341163091778
-1.1134338509841566
-0.8126327796326223
1.40690501375565
1.0268208847762028
0.7494188442743752
0.5469586881999859
-0.6008055990544054
0.5615057656574063
0.40981149506331516
0.2990983739755553
0.2182950902853511
0.159321315623683
0.11627967252438243
0.08486599667751982
0.061938920498409544
0.045205736369140936
0.03299312587678571
0.024079827972109058
0.017574512864642955
0.012826649043641503
0.00936145012700429
0.00683239622306786
0.004986581941436974
-1.996360574146049
0.5429686360951456
0.39628228620256856
0.28922416493024805
0.21108846015095306
0.1540616013867533
0.11244090276122964
0.08206429441182816
0.059894115503609235
0.043713348145751674
0.03190391560246919
0.023284874619433182
-0.9830056789016588
-0.7174405884412742
0.47638044317498185
0.3476833072370944
0.25375450202291727
0.1852011470110302
0.13516790670024736
0.09865145705948919
0.07200015312467922
0.05254886450233798
0.03835246233022982
0.027991306391145443
0.020429281091175255
0.01491018390032206
-2.989117894900499
0.8184108724235584
0.597312091375044
0.4359445194640337
0.31817139949942685
0.23221541948476254
0.16948098141857493
-0.8763053585057552
0.36043397759098106
0.26306049957517263
0.19199307151688227
0.1401249506102804
-0.8977306752352945
0.344796843267245
0.25164783422486536
0.18366360860497277
0.13404574384557755
0.09783245347073954
0.0714024084429754
0.05211260425951014
0.038034060501994205
0.027758922794679286
0.02025967736683132
0.014786399675665862
0.01079176195206788
0.007876300423676597
0.0057484689376536835
0.004195484345395073
0.003062048187676858
0.002234816848725174
-1.998368932805353
-2.4584971519966823
1.205681125483963
0.8799588798980773
0.6422325223019989
0.4687294169361209
0.3420992532638545
0.24967901491797395
0.18222667806389126
0.13299700901619715
0.09706704087012241
-0.9291562231889401
-2.678138897695254
1.0453769617721926
-0.23703811819807008
0.8269992018835035
0.6035802302817848
0.4405192817082444
-0.6784897386944726
0.5048084789050069
-1.6315686674766559
0.8092097431373011
0.5905967043217029
0.43104333593827526
0.31459430114867537
0.22960469647394266
-0.8324244385533968
0.3924601944355679
0.2864346349964473
-0.7909474609430296
0.4227319088948329
0.3085282577505364
-1.7748225676187062
0.7046567739934657
0.5142893692616983
0.37535090145610184
0.27394752379611553
0.19993889851574043
0.14592416308693856
0.10650184396683215
0.07772970924340772
0.05673054544432432
0.04140443618967371
0.030218770553990026
0.0220549819737057
0.016096691590792744
0.011748070366957464
-0.991425743820181
0.27641407948230423
-0.7982609011386215
0.4173942399982318
-2.695367406736734
0.032802841469555144
1.0239409500795142
0.7473169418257815
0.5454246277546284
0.3980747764589374
0.2905324028091396
0.2120432694402563
0.15475846301539864
0.11294950289208039
0.0824354930579716
0.060165032529658546
0.043911075254311704
-0.9679517744956039
0.293546410176563
0.2142430239947437
0.1563639402123984
0.11412125045129251
0.0832906857353164
0.06078918959287183
0.04436661240971418
0.032380696467528836
0.023632850172095488
0.017248288893871866
-0.9874114434949641
-0.7206561083616538
0.47403361593549054
-0.6540295100454587
-0.47733937515931135
0.6516168222109053
0.4755784899305695
-0.6529019933567097
0.5234835358919838
0.3820612068582321
0.2788449985103041
-0.7964867099865938
-0.581310877610508
0.5757338670045273
0.42019578644837186
-2.693322715462946
1.0342951466943697
0.7548738879061938
0.5509400179086379
0.40210014970194496
0.293470296465447
0.21418747287549422
0.15632339657309036
0.11409165992799597
0.08326908927570109
-0.9392265724490239
0.3145113204529908
-0.7704558664713375
-0.5623124281711567
0.589599767311908
0.43031572765452086
0.3140632607625866
0.2292171199469104
0.16729269112592515
0.12209753141753232
0.08911212485089237
0.06503793076934272
0.047467529764727345
0.03464388173658417
-1.9747153781179012
-1.4412337520408904
0.9481244988320308
0.6919827758448696
0.5050393304421954
0.36859981808374176
0.26902028753366114
0.19634278573694708
0.14329956251392773
0.10458629554230203
0.07633165812490539
0.055710186519999816
0.04065973356709396
0.029675253970897764
0.0216582997717909
0.015807175549863217
-1.9884632311170778
0.5487324628475587
0.400488979353665
0.2922943937951388
0.2133292476161257
0.15569702619872583
0.11363450740119774
0.08293543934378977
-0.9394700847792388
0.31433359449145115
0.2294144213396443
0.16743669032180097
0.12220262833613749
-1.9108111708159115
0.6054063366937337
0.44185205412946615
0.32248297697814543
0.2353621975246396
-0.828222362176402
0.39552705377655784
0.2886729632355314
0.21068616901805903
0.15376799170239153
0.11222661355696317
0.08190789676723131
0.0597799696542225
0.043630039506635576
0.03184311330971301
0.023240498443761304
0.016961933422185993
0.012379561742829281
0.009035146237755143
0.006594245356457584
-0.9951872309891954
0.2736687814378751
-2.8002645398629102
0.9562443204649416
0.6979089772243601
0.5093645317062148
0.3717565393586906
-0.7286757990529642
0.46818049450172694
0.34169862563494746
0.24938661933166362
0.1820132749615464
-0.8671587419124167
0.36710957889402085
0.2679326457182185
0.19554897711423802
0.14272020622168036
0.10416345595129162
-1.9239769487239675
0.5957973754716601
0.43483901347117015
0.3173645528177964
0.23162654744620337
0.16905119681922987
-0.8766190341258211
0.3602050433881887
0.2628934133693752
0.19187112468749845
-1.859964051525627
-0.35748320914803156
0.7390931004431192
0.5394225082069388
-0.6063058332085483
0.5574914539267528
0.40688167458308744
0.29696006269773
0.21673445708214611
0.1581822971747764
0.11544836698488403
0.08425927349348061
0.06149610735142552
-1.9551174480554874
0.5730696754753355
-0.5817486571895927
0.5754143562981628
0.41996259354409116
-0.6934929098555704
0.4938585076308524
0.36043956400871924
0.26306457678745687
0.1919960472449409
0.14012712242691894
0.1022709098515886
-0.9253582117385832
0.3246330573690299
0.23693142034190284
0.17292292534896703
-0.8737932771090726
-0.6377325954063773
0.5345548267556799
-1.6098584802783362
0.8250547884030981
-0.397838887818442
-1.2903602409501849
1.0582385936946972
0.7723488639657639
0.563694020633406
0.41140857936439
0.30026399603181275
0.2191458123024157
0.15994220980326102
0.11673282828443288
0.08519672959404723
0.06218030386306683
0.045381908518392855
0.03312170402555914
0.024173669935279918
-0.982356997161471
0.28303284789727456
0.2065697658741037
0.15076366043834355
0.11003392104641829
0.08030757375913478
0.058611983847764115
0.042777592321169955
0.031220960026693945
-1.9772135762651137
0.5569429535598518
-0.5935186450024812
0.5668241038065789
0.41369305112465504
-0.6980686964448033
0.4905188982129003
0.3580021708202512
0.2612856605096274
0.19069771624996612
0.1391795436153025
0.10157932534216751
0.0741370396032508
0.05410845782465845
-0.9605092781714673
-0.7010217301130988
0.488363644933961
0.3564291726027742
0.26013761753186504
0.1898598242141425
0.1385680133178333
0.10113300375330869
0.0738112945641145
-0.9461292851686691
0.3094734184533241
0.2258672520490057
0.16484781084958922
0.12031315073513138
0.08780980569418606
0.06408744122265997
0.04677382087339943
0.03413758261147937
-0.9750848973892934
-0.7116596552573524
0.48059962134885303
0.35076264821830083
0.256001939909579
0.18684142559181538
0.1363650538332335
-0.9004748125420257
-0.6572059482998451
-0.4796576788876479
-0.3500751773642161
0.7444998064227937
0.5433685589804407
0.39657416743613183
0.289437192635436
0.21124393709828304
0.15417507527095964
0.11252372097073149
0.0821247387675772
0.05993823044118063
0.0437455451589015
0.03192741439251279
0.02330202506537571
-0.9829931617552248
0.2825685471202961
0.2062308988362025
0.1505163404357308
0.10985341607883115
0.0801758333298146
0.05851583391377968
0.04270741788912247
0.031169743653378212
0.022749043782971157
0.016603248290861572
0.0121177776278385
0.008844084727598123
0.006454800300118357
0.004710995902650339
0.0034382910954473545
0.002509415397789816
0.001831481239910282
0.0013366952060227533
9.755786927359011E-4
7.120200487236161E-4
5.196634095838704E-4
3.7927311140251163E-4
-1.9997231898756382
0.5405144518930411
0.3944911151077397
0.2879168898332125
0.21013435354200727
0.15336525260500178
-0.8880673230715024
0.3518495808164843
0.2567952309144781
0.1874204041039187
0.13678761770375125
0.09983359307396
-0.9271370722484367
-1.6766652329240337
-0.22370370502039094
0.836731240509569
0.6106830982188436
0.4457032657500024
0.3252937598561614
0.23741362994793747
0.17327486303450712
0.1264635824245266
0.09229866005699883
0.06736360369517236
-0.9508350922971385
0.30603891435248
0.22336060056570428
0.1630183468354982
0.11897792778884231
0.086835301521071
0.06337620540540634
0.04625472983028267
0.033758727238187625
0.024638597369910364
0.017982327238625473
0.013124289831202063
0.009578681406899214
-1.993009058876714
0.5454147186952856
0.3980675443935304
0.2905271245311267
0.2120394171218365
0.1547556514247308
0.11294745087009694
0.08243399540247331
0.06016393947509613
0.0439102774952298
0.03204764326488618
0.02338977336103021
0.017070880793277787
0.012459076304853767
-0.9909068205530849
-0.7232071875946904
0.4721717266042358
0.34461160159194204
0.25151263673884383
0.18356493555962938
0.13397372793637707
0.09777989310676372
0.07136404758782611
0.052084606827671465
-0.961986373249716
0.2979002212195674
0.21742062593916422
0.15868309325267838
0.11581386989146036
0.08452603351938848
-0.9383091995007451
0.3151808594006891
0.23003279237055008
0.1678880045774669
0.12253201724212914
0.08942923163100502
0.06526936918298087
-1.9523635563467447
0.5750795862321398
0.4197182636909531
0.3063287675188624
0.22357214809865678
-0.8368272565116817
0.38924682509845354
0.28408937734679185
0.20734086732980828
0.15132644404580642
0.11044466516638529
0.08060735280360287
-0.941169224278819
0.3130934880825187
0.22850933738046653
0.1667761204164604
0.12172051549410057
0.08883696212115044
0.0648371049603158
0.047320958295513194
0.034536907460260835
-0.9747934526289646
0.2885530538905563
0.2105986539274891
0.15370411935717243
0.1121799967225714
0.08187387376022848
0.059755138173907874
0.04361191640497886
0.03182988627654648
0.0232308447757692
0.01695488775256937
0.012374419504626921
0.009031393207146188
-0.9934084937696195
0.27496698174829426
0.20068294356939642
0.1464671997474376
0.10689817590022255
0.07801896964303001
0.05694166035014092
0.041558517092264324
0.030331225543616114
0.022137056549327738
0.016156593209973202
0.01179178919161572
0.008606164092419988
0.006281155402465544
0.004584262252758542
0.003345795328327128
0.0024419079367286045
0.0017822113388028527
0.0013007358747572084
-0.9990506660018132
0.27084907739307873
0.19767751665563527
0.14427370758375524
-1.8947027307297493
0.6171629816270565
0.45043256840328283
0.3287454120198374
0.2399327968383762
0.1751134613407519
0.1278054719772026
0.09327802981137445
0.06807839062668375
-2.9503134094953394
0.8467320850480311
0.6179821524812779
0.45103043516265195
-2.6708182386397086
1.0507198993088878
0.7668613915734452
0.5596890229953466
0.40848555671678355
0.2981306461098985
-0.7824111998859973
0.42896204600114984
0.3130752846167706
0.2284960516940675
0.16676642394077046
0.12171343858155215
0.08883179708048772
-0.9351666647125274
0.3174744188948475
0.23170673252006502
0.16910971939728814
0.12342367821424016
0.09008000485261647
0.06574433197625495
0.047983092297517516
0.03502016184853307
0.025559247584401312
-2.98134574192129
0.8240833299958172
0.6014520992975791
0.43896607852909764
0.3203766656135265
0.23382491925930893
0.17065566483102135
0.12455197688583564
0.09090348662923375
0.06634534503555578
0.04842173794543303
0.03534030464985349
0.025792901819259306
0.018824789170590606
0.013739155438981854
0.010027437251270754
0.007318462788687086
0.00534133460497177
0.0038983398817533654
0.0028451791467105636
0.0020765363263395287
0.0015155471386014696
0.001106112664723824
8.072894573194489E-4
5.891951956460417E-4
4.300204535372387E-4
3.1384775678233723E-4
2.2905983570531419E-4
1.671778981995331E-4
1.2201375051290597E-4
8.905097787792471E-5
6.499330303100237E-5
4.74349584873579E-5
3.462010979227159E-5
2.526727207641244E-5
-0.9999815588384324
0.27016967103885836
0.197181656148393
0.14391180687276606
0.10503313828441652
0.07665778352450747
-1.9440517928829495
0.5811458751645828
0.4241457069852892
0.30956010950452306
0.22593052297421057
0.16489398874131922
0.1203468533825589
0.08783440336205484
0.0641053936777558
-0.9532130766387672
0.3043033572524765
0.22209391499732423
0.1620938642419043
0.11830319991067562
0.08634285557051324
0.06301679678740335
0.04599241768303308
-0.9664327196530333
0.29465508291723896
0.215052181907593
0.15695449908870707
-0.8854477338213096
0.35376147175818584
0.25819061264185716
0.18843881478971447
0.13753089841654287
0.10037607188502662
-0.9267411474579879
0.32362373032484104
0.23619476926851224
0.1723852851390344
0.12581432952345928
0.09182480686023098
0.06701776488302613
0.04891249939412301
0.03569848384463281
-0.9739456833203937
