5.00	0.00	0.49	0.49	0.03	0.02	0.02	0.03	
5.00	0.00	0.23	0.28	0.02	0.01	0.01	0.02	
5.00	0.00	0.14	0.24	0.01	0.00	0.00	0.02	
4.80	-0.46	0.10	0.23	0.01	-0.00	-0.00	0.02	
4.85	-0.31	0.07	0.23	0.01	-0.00	-0.00	0.03	
4.87	-0.20	0.05	0.24	0.01	-0.00	-0.00	0.03	
4.85	-0.36	0.04	0.24	0.01	-0.01	-0.01	0.03	
4.84	-0.48	0.03	0.25	0.01	-0.01	-0.01	0.03	
4.85	-0.32	0.02	0.25	0.01	-0.01	-0.01	0.03	
4.85	-0.20	0.01	0.26	0.01	-0.01	-0.01	0.03	
4.85	-0.37	0.01	0.26	0.01	-0.01	-0.01	0.03	
4.85	-0.23	0.01	0.26	0.01	-0.01	-0.01	0.03	
4.85	-0.13	0.01	0.27	0.01	-0.01	-0.01	0.04	
4.85	-0.32	0.00	0.27	0.01	-0.01	-0.01	0.04	
4.85	-0.20	0.00	0.27	0.01	-0.01	-0.01	0.04	
4.85	-0.10	0.00	0.27	0.01	-0.01	-0.01	0.04	
4.85	-0.04	0.00	0.27	0.01	-0.01	-0.01	0.04	
4.85	0.01	0.00	0.27	0.01	-0.01	-0.01	0.04	
4.85	-0.49	0.00	0.27	0.01	-0.01	-0.01	0.04	
4.85	-0.32	0.00	0.27	0.01	-0.01	-0.01	0.04	
4.85	-0.19	0.00	0.27	0.01	-0.01	-0.01	0.04	
4.85	-0.10	0.00	0.27	0.01	-0.01	-0.01	0.04	
4.85	-0.03	0.00	0.27	0.01	-0.01	-0.01	0.04	
4.85	0.02	0.00	0.27	0.01	-0.01	-0.01	0.04	
4.85	0.05	0.00	0.27	0.01	-0.01	-0.01	0.04	
4.85	0.08	0.00	0.27	0.01	-0.01	-0.01	0.04	
4.85	0.10	0.00	0.27	0.01	-0.01	-0.01	0.04	
4.85	-0.16	0.00	0.27	0.01	-0.01	-0.01	0.04	
4.85	-0.08	0.00	0.27	0.01	-0.01	-0.01	0.04	
4.85	-0.02	0.00	0.27	0.01	-0.01	-0.01	0.04	
4.85	0.03	0.00	0.27	0.01	-0.01	-0.01	0.04	
4.85	-0.48	0.00	0.27	0.01	-0.01	-0.01	0.04	
4.85	-0.31	0.00	0.27	0.01	-0.01	-0.01	0.04	
4.85	-0.73	0.00	0.27	0.01	-0.01	-0.01	0.04	
4.85	-0.49	0.00	0.27	0.01	-0.01	-0.01	0.04	
4.85	-0.32	0.00	0.27	0.01	-0.01	-0.01	0.04	
4.85	-0.46	0.00	0.27	0.01	-0.01	-0.01	0.04	
4.85	-0.30	0.00	0.27	0.01	-0.01	-0.01	0.04	
4.85	-0.18	0.00	0.27	0.01	-0.01	-0.01	0.04	
4.85	-0.09	0.00	0.27	0.01	-0.01	-0.01	0.04	
4.85	-0.30	0.00	0.27	0.01	-0.01	-0.01	0.04	
4.85	-0.45	0.00	0.27	0.01	-0.01	-0.01	0.04	
4.85	-0.56	0.00	0.27	0.01	-0.01	-0.01	0.04	
4.85	-0.37	0.00	0.27	0.01	-0.01	-0.01	0.04	
4.85	-0.23	0.00	0.27	0.01	-0.01	-0.01	0.04	
4.85	-0.13	0.00	0.27	0.01	-0.01	-0.01	0.04	
4.85	-0.05	0.00	0.27	0.01	-0.01	-0.01	0.04	
4.85	0.00	0.00	0.27	0.01	-0.01	-0.01	0.04	
4.85	0.04	0.00	0.27	0.01	-0.01	-0.01	0.04	
4.85	0.07	0.00	0.27	0.01	-0.01	-0.01	0.04	
4.85	0.09	0.00	0.27	0.01	-0.01	-0.01	0.04	
4.85	-0.43	0.00	0.27	0.01	-0.01	-0.01	0.04	
4.85	-0.28	0.00	0.27	0.01	-0.01	-0.01	0.04	
4.85	-0.16	0.00	0.27	0.01	-0.01	-0.01	0.04	
4.85	-0.08	0.00	0.27	0.01	-0.01	-0.01	0.04	
4.85	-0.29	0.00	0.27	0.01	-0.01	-0.01	0.04	
4.85	-0.44	0.00	0.27	0.01	-0.01	-0.01	0.04	
4.85	-0.55	0.00	0.27	0.01	-0.01	-0.01	0.04	
4.85	-0.36	0.00	0.27	0.01	-0.01	-0.01	0.04	
4.85	-0.49	0.00	0.27	0.01	-0.01	-0.01	0.04	
4.85	-0.59	0.00	0.27	0.01	-0.01	-0.01	0.04	
4.85	-0.39	0.00	0.27	0.01	-0.01	-0.01	0.04	
4.85	-0.25	0.00	0.27	0.01	-0.01	-0.01	0.04	
4.85	-0.14	0.00	0.27	0.01	-0.01	-0.01	0.04	
4.85	-0.06	0.00	0.27	0.01	-0.01	-0.01	0.04	
4.85	-0.28	0.00	0.27	0.01	-0.01	-0.01	0.04	
4.85	-0.16	0.00	0.27	0.01	-0.01	-0.01	0.04	
4.85	-0.08	0.00	0.27	0.01	-0.01	-0.01	0.04	
4.85	-0.02	0.00	0.27	0.01	-0.01	-0.01	0.04	
4.85	0.03	0.00	0.27	0.01	-0.01	-0.01	0.04	
4.85	0.06	0.00	0.27	0.01	-0.01	-0.01	0.04	
4.85	0.08	0.00	0.27	0.01	-0.01	-0.01	0.04	
4.85	0.10	0.00	0.27	0.01	-0.01	-0.01	0.04	
4.85	0.11	0.00	0.27	0.01	-0.01	-0.01	0.04	
4.85	0.12	0.00	0.27	0.01	-0.01	-0.01	0.04	
4.85	0.13	0.00	0.27	0.01	-0.01	-0.01	0.04	
4.85	0.13	0.00	0.27	0.01	-0.01	-0.01	0.04	
4.85	0.14	0.00	0.27	0.01	-0.01	-0.01	0.04	
4.85	0.14	0.00	0.27	0.01	-0.01	-0.01	0.04	
4.85	0.14	0.00	0.27	0.01	-0.01	-0.01	0.04	
4.85	0.14	0.00	0.27	0.01	-0.01	-0.01	0.04	
4.85	0.15	0.00	0.27	0.01	-0.01	-0.01	0.04	
4.85	-0.12	0.00	0.27	0.01	-0.01	-0.01	0.04	
4.85	-0.32	0.00	0.27	0.01	-0.01	-0.01	0.04	
4.85	-0.19	0.00	0.27	0.01	-0.01	-0.01	0.04	
4.85	-0.10	0.00	0.27	0.01	-0.01	-0.01	0.04	
4.85	-0.03	0.00	0.27	0.01	-0.01	-0.01	0.04	
4.85	0.01	0.00	0.27	0.01	-0.01	-0.01	0.04	
4.85	-0.49	0.00	0.27	0.01	-0.01	-0.01	0.04	
4.85	-0.32	0.00	0.27	0.01	-0.01	-0.01	0.04	
4.85	-0.19	0.00	0.27	0.01	-0.01	-0.01	0.04	
4.85	-0.10	0.00	0.27	0.01	-0.01	-0.01	0.04	
4.85	-0.57	0.00	0.27	0.01	-0.01	-0.01	0.04	
4.85	-0.38	0.00	0.27	0.01	-0.01	-0.01	0.04	
4.85	-0.24	0.00	0.27	0.01	-0.01	-0.01	0.04	
4.85	-0.13	0.00	0.27	0.01	-0.01	-0.01	0.04	
4.85	-0.06	0.00	0.27	0.01	-0.01	-0.01	0.04	
4.85	-0.00	0.00	0.27	0.01	-0.01	-0.01	0.04	
4.85	0.04	0.00	0.27	0.01	-0.01	-0.01	0.04	
4.85	0.07	0.00	0.27	0.01	-0.01	-0.01	0.04	
4.85	-0.45	0.00	0.27	0.01	-0.01	-0.01	0.04	
4.85	-0.29	0.00	0.27	0.01	-0.01	-0.01	0.04	
4.85	-0.17	0.00	0.27	0.01	-0.01	-0.01	0.04	
4.85	-0.35	0.00	0.27	0.01	-0.01	-0.01	0.04	
4.85	-0.22	0.00	0.27	0.01	-0.01	-0.01	0.04	
4.85	-0.12	0.00	0.27	0.01	-0.01	-0.01	0.04	
4.85	-0.05	0.00	0.27	0.01	-0.01	-0.01	0.04	
4.85	0.01	0.00	0.27	0.01	-0.01	-0.01	0.04	
4.85	0.04	0.00	0.27	0.01	-0.01	-0.01	0.04	
4.85	0.07	0.00	0.27	0.01	-0.01	-0.01	0.04	
4.85	0.09	0.00	0.27	0.01	-0.01	-0.01	0.04	
4.85	-0.43	0.00	0.27	0.01	-0.01	-0.01	0.04	
4.85	-0.28	0.00	0.27	0.01	-0.01	-0.01	0.04	
4.85	-0.16	0.00	0.27	0.01	-0.01	-0.01	0.04	
4.85	-0.08	0.00	0.27	0.01	-0.01	-0.01	0.04	
4.85	-0.56	0.00	0.27	0.01	-0.01	-0.01	0.04	
4.85	-0.37	0.00	0.27	0.01	-0.01	-0.01	0.04	
4.85	-0.23	0.00	0.27	0.01	-0.01	-0.01	0.04	
4.85	-0.13	0.00	0.27	0.01	-0.01	-0.01	0.04	
4.85	-0.05	0.00	0.27	0.01	-0.01	-0.01	0.04	
4.85	-0.54	0.00	0.27	0.01	-0.01	-0.01	0.04	
4.85	-0.62	0.00	0.27	0.01	-0.01	-0.01	0.04	
4.85	-0.41	0.00	0.27	0.01	-0.01	-0.01	0.04	
4.85	-0.26	0.00	0.27	0.01	-0.01	-0.01	0.04	
4.85	-0.15	0.00	0.27	0.01	-0.01	-0.01	0.04	
4.85	-0.34	0.00	0.27	0.01	-0.01	-0.01	0.04	
4.85	-0.21	0.00	0.27	0.01	-0.01	-0.01	0.04	
4.85	-0.11	0.00	0.27	0.01	-0.01	-0.01	0.04	
4.85	-0.04	0.00	0.27	0.01	-0.01	-0.01	0.04	
4.85	-0.26	0.00	0.27	0.01	-0.01	-0.01	0.04	
4.85	-0.42	0.00	0.27	0.01	-0.01	-0.01	0.04	
4.85	-0.27	0.00	0.27	0.01	-0.01	-0.01	0.04	
4.85	-0.15	0.00	0.27	0.01	-0.01	-0.01	0.04	
4.85	-0.34	0.00	0.27	0.01	-0.01	-0.01	0.04	
4.85	-0.21	0.00	0.27	0.01	-0.01	-0.01	0.04	
4.85	-0.11	0.00	0.27	0.01	-0.01	-0.01	0.04	
4.85	-0.04	0.00	0.27	0.01	-0.01	-0.01	0.04	
4.85	-0.26	0.00	0.27	0.01	-0.01	-0.01	0.04	
4.85	-0.42	0.00	0.27	0.01	-0.01	-0.01	0.04	
4.85	-0.27	0.00	0.27	0.01	-0.01	-0.01	0.04	
4.85	-0.16	0.00	0.27	0.01	-0.01	-0.01	0.04	
4.85	-0.07	0.00	0.27	0.01	-0.01	-0.01	0.04	
4.85	-0.01	0.00	0.27	0.01	-0.01	-0.01	0.04	
4.85	0.03	0.00	0.27	0.01	-0.01	-0.01	0.04	
4.85	-0.21	0.00	0.27	0.01	-0.01	-0.01	0.04	
4.85	-0.11	0.00	0.27	0.01	-0.01	-0.01	0.04	
4.85	-0.04	0.00	0.27	0.01	-0.01	-0.01	0.04	
4.85	0.01	0.00	0.27	0.01	-0.01	-0.01	0.04	
4.85	0.05	0.00	0.27	0.01	-0.01	-0.01	0.04	
4.85	0.07	0.00	0.27	0.01	-0.01	-0.01	0.04	
4.85	0.09	0.00	0.27	0.01	-0.01	-0.01	0.04	
4.85	0.11	0.00	0.27	0.01	-0.01	-0.01	0.04	
4.85	0.12	0.00	0.27	0.01	-0.01	-0.01	0.04	
4.85	0.13	0.00	0.27	0.01	-0.01	-0.01	0.04	
4.85	0.13	0.00	0.27	0.01	-0.01	-0.01	0.04	
4.85	0.14	0.00	0.27	0.01	-0.01	-0.01	0.04	
4.85	0.14	0.00	0.27	0.01	-0.01	-0.01	0.04	
4.85	0.14	0.00	0.27	0.01	-0.01	-0.01	0.04	
4.85	-0.13	0.00	0.27	0.01	-0.01	-0.01	0.04	
4.85	-0.05	0.00	0.27	0.01	-0.01	-0.01	0.04	
4.85	0.00	0.00	0.27	0.01	-0.01	-0.01	0.04	
4.85	0.04	0.00	0.27	0.01	-0.01	-0.01	0.04	
4.85	0.07	0.00	0.27	0.01	-0.01	-0.01	0.04	
4.85	0.09	0.00	0.27	0.01	-0.01	-0.01	0.04	
4.85	0.11	0.00	0.27	0.01	-0.01	-0.01	0.04	
4.85	0.12	0.00	0.27	0.01	-0.01	-0.01	0.04	
4.85	0.13	0.00	0.27	0.01	-0.01	-0.01	0.04	
4.85	0.13	0.00	0.27	0.01	-0.01	-0.01	0.04	
4.85	-0.13	0.00	0.27	0.01	-0.01	-0.01	0.04	
4.85	-0.06	0.00	0.27	0.01	-0.01	-0.01	0.04	
4.85	-0.00	0.00	0.27	0.01	-0.01	-0.01	0.04	
4.85	0.04	0.00	0.27	0.01	-0.01	-0.01	0.04	
4.85	0.07	0.00	0.27	0.01	-0.01	-0.01	0.04	
4.85	0.09	0.00	0.27	0.01	-0.01	-0.01	0.04	
4.85	0.11	0.00	0.27	0.01	-0.01	-0.01	0.04	
4.85	-0.15	0.00	0.27	0.01	-0.01	-0.01	0.04	
4.85	-0.34	0.00	0.27	0.01	-0.01	-0.01	0.04	
4.85	-0.48	0.00	0.27	0.01	-0.01	-0.01	0.04	
4.85	-0.31	0.00	0.27	0.01	-0.01	-0.01	0.04	
4.85	-0.19	0.00	0.27	0.01	-0.01	-0.01	0.04	
4.85	-0.10	0.00	0.27	0.01	-0.01	-0.01	0.04	
4.85	-0.30	0.00	0.27	0.01	-0.01	-0.01	0.04	
4.85	-0.18	0.00	0.27	0.01	-0.01	-0.01	0.04	
4.85	-0.09	0.00	0.27	0.01	-0.01	-0.01	0.04	
4.85	-0.03	0.00	0.27	0.01	-0.01	-0.01	0.04	
4.85	0.02	0.00	0.27	0.01	-0.01	-0.01	0.04	
4.85	0.06	0.00	0.27	0.01	-0.01	-0.01	0.04	
4.85	-0.19	0.00	0.27	0.01	-0.01	-0.01	0.04	
4.85	-0.10	0.00	0.27	0.01	-0.01	-0.01	0.04	
4.85	-0.03	0.00	0.27	0.01	-0.01	-0.01	0.04	
4.85	0.02	0.00	0.27	0.01	-0.01	-0.01	0.04	
4.85	0.05	0.00	0.27	0.01	-0.01	-0.01	0.04	
4.85	0.08	0.00	0.27	0.01	-0.01	-0.01	0.04	
4.85	-0.17	0.00	0.27	0.01	-0.01	-0.01	0.04	
4.85	-0.09	0.00	0.27	0.01	-0.01	-0.01	0.04	
4.85	-0.02	0.00	0.27	0.01	-0.01	-0.01	0.04	
4.85	-0.52	0.00	0.27	0.01	-0.01	-0.01	0.04	
4.85	-0.34	0.00	0.27	0.01	-0.01	-0.01	0.04	
4.85	-0.21	0.00	0.27	0.01	-0.01	-0.01	0.04	
4.85	-0.11	0.00	0.27	0.01	-0.01	-0.01	0.04	
4.85	-0.04	0.00	0.27	0.01	-0.01	-0.01	0.04	
4.85	0.01	0.00	0.27	0.01	-0.01	-0.01	0.04	
4.85	0.05	0.00	0.27	0.01	-0.01	-0.01	0.04	
4.85	-0.20	0.00	0.27	0.01	-0.01	-0.01	0.04	
4.85	-0.10	0.00	0.27	0.01	-0.01	-0.01	0.04	
4.85	-0.03	0.00	0.27	0.01	-0.01	-0.01	0.04	
4.85	0.01	0.00	0.27	0.01	-0.01	-0.01	0.04	
4.85	0.05	0.00	0.27	0.01	-0.01	-0.01	0.04	
4.85	0.08	0.00	0.27	0.01	-0.01	-0.01	0.04	
4.85	-0.17	0.00	0.27	0.01	-0.01	-0.01	0.04	
4.85	-0.09	0.00	0.27	0.01	-0.01	-0.01	0.04	
4.85	-0.02	0.00	0.27	0.01	-0.01	-0.01	0.04	
4.85	0.02	0.00	0.27	0.01	-0.01	-0.01	0.04	
4.85	0.06	0.00	0.27	0.01	-0.01	-0.01	0.04	
4.85	0.08	0.00	0.27	0.01	-0.01	-0.01	0.04	
4.85	0.10	0.00	0.27	0.01	-0.01	-0.01	0.04	
4.85	0.11	0.00	0.27	0.01	-0.01	-0.01	0.04	
4.85	0.12	0.00	0.27	0.01	-0.01	-0.01	0.04	
4.85	0.13	0.00	0.27	0.01	-0.01	-0.01	0.04	
4.85	0.13	0.00	0.27	0.01	-0.01	-0.01	0.04	
4.85	0.14	0.00	0.27	0.01	-0.01	-0.01	0.04	
4.85	0.14	0.00	0.27	0.01	-0.01	-0.01	0.04	
4.85	0.14	0.00	0.27	0.01	-0.01	-0.01	0.04	
4.85	0.14	0.00	0.27	0.01	-0.01	-0.01	0.04	
4.85	0.15	0.00	0.27	0.01	-0.01	-0.01	0.04	
4.85	0.15	0.00	0.27	0.01	-0.01	-0.01	0.04	
4.85	0.15	0.00	0.27	0.01	-0.01	-0.01	0.04	
4.85	0.15	0.00	0.27	0.01	-0.01	-0.01	0.04	
4.85	0.15	0.00	0.27	0.01	-0.01	-0.01	0.04	
4.85	-0.12	0.00	0.27	0.01	-0.01	-0.01	0.04	
4.85	-0.05	0.00	0.27	0.01	-0.01	-0.01	0.04	
4.85	0.00	0.00	0.27	0.01	-0.01	-0.01	0.04	
4.85	0.04	0.00	0.27	0.01	-0.01	-0.01	0.04	
4.85	-0.20	0.00	0.27	0.01	-0.01	-0.01	0.04	
4.85	-0.11	0.00	0.27	0.01	-0.01	-0.01	0.04	
4.85	-0.31	0.00	0.27	0.01	-0.01	-0.01	0.04	
4.85	-0.45	0.00	0.27	0.01	-0.01	-0.01	0.04	
4.85	-0.29	0.00	0.27	0.01	-0.01	-0.01	0.04	
4.85	-0.17	0.00	0.27	0.01	-0.01	-0.01	0.04	
4.85	-0.09	0.00	0.27	0.01	-0.01	-0.01	0.04	
4.85	-0.29	0.00	0.27	0.01	-0.01	-0.01	0.04	
4.85	-0.17	0.00	0.27	0.01	-0.01	-0.01	0.04	
4.85	-0.09	0.00	0.27	0.01	-0.01	-0.01	0.04	
4.85	-0.02	0.00	0.27	0.01	-0.01	-0.01	0.04	
4.85	-0.25	0.00	0.27	0.01	-0.01	-0.01	0.04	
4.85	-0.14	0.00	0.27	0.01	-0.01	-0.01	0.04	
4.85	-0.06	0.00	0.27	0.01	-0.01	-0.01	0.04	
4.85	-0.01	0.00	0.27	0.01	-0.01	-0.01	0.04	
4.85	0.04	0.00	0.27	0.01	-0.01	-0.01	0.04	
4.85	0.07	0.00	0.27	0.01	-0.01	-0.01	0.04	
4.85	0.09	0.00	0.27	0.01	-0.01	-0.01	0.04	
4.85	0.10	0.00	0.27	0.01	-0.01	-0.01	0.04	
4.85	-0.15	0.00	0.27	0.01	-0.01	-0.01	0.04	
4.85	-0.07	0.00	0.27	0.01	-0.01	-0.01	0.04	
4.85	-0.01	0.00	0.27	0.01	-0.01	-0.01	0.04	
4.85	0.03	0.00	0.27	0.01	-0.01	-0.01	0.04	
4.85	0.06	0.00	0.27	0.01	-0.01	-0.01	0.04	
4.85	0.09	0.00	0.27	0.01	-0.01	-0.01	0.04	
4.85	-0.17	0.00	0.27	0.01	-0.01	-0.01	0.04	
4.85	-0.08	0.00	0.27	0.01	-0.01	-0.01	0.04	
4.85	-0.02	0.00	0.27	0.01	-0.01	-0.01	0.04	
4.85	0.03	0.00	0.27	0.01	-0.01	-0.01	0.04	
4.85	0.06	0.00	0.27	0.01	-0.01	-0.01	0.04	
4.85	0.08	0.00	0.27	0.01	-0.01	-0.01	0.04	
4.85	0.10	0.00	0.27	0.01	-0.01	-0.01	0.04	
4.85	-0.70	0.00	0.27	0.01	-0.01	-0.01	0.04	
4.85	-0.47	0.00	0.27	0.01	-0.01	-0.01	0.04	
4.85	-0.57	0.00	0.27	0.01	-0.01	-0.01	0.04	
4.85	-0.38	0.00	0.27	0.01	-0.01	-0.01	0.04	
4.85	-0.78	0.00	0.27	0.01	-0.01	-0.01	0.04	
4.85	-1.07	0.00	0.27	0.01	-0.01	-0.01	0.04	
4.85	-0.74	0.00	0.27	0.01	-0.01	-0.01	0.04	
4.85	-1.04	0.00	0.27	0.01	-0.01	-0.01	0.04	
4.85	-1.26	0.00	0.27	0.01	-0.01	-0.01	0.04	
4.85	-0.88	0.00	0.27	0.01	-0.01	-0.01	0.04	
4.85	-0.60	0.00	0.27	0.01	-0.01	-0.01	0.04	
4.85	-0.40	0.00	0.27	0.01	-0.01	-0.01	0.04	
4.85	-0.25	0.00	0.27	0.01	-0.01	-0.01	0.04	
4.85	-0.41	0.00	0.27	0.01	-0.01	-0.01	0.04	
4.85	-0.26	0.00	0.27	0.01	-0.01	-0.01	0.04	
4.85	-0.15	0.00	0.27	0.01	-0.01	-0.01	0.04	
4.85	-0.07	0.00	0.27	0.01	-0.01	-0.01	0.04	
4.85	-0.01	0.00	0.27	0.01	-0.01	-0.01	0.04	
4.85	0.03	0.00	0.27	0.01	-0.01	-0.01	0.04	
4.85	0.06	0.00	0.27	0.01	-0.01	-0.01	0.04	
4.85	0.09	0.00	0.27	0.01	-0.01	-0.01	0.04	
4.85	0.10	0.00	0.27	0.01	-0.01	-0.01	0.04	
4.85	0.12	0.00	0.27	0.01	-0.01	-0.01	0.04	
4.85	0.12	0.00	0.27	0.01	-0.01	-0.01	0.04	
4.85	0.13	0.00	0.27	0.01	-0.01	-0.01	0.04	
4.85	0.14	0.00	0.27	0.01	-0.01	-0.01	0.04	
4.85	0.14	0.00	0.27	0.01	-0.01	-0.01	0.04	
4.85	0.14	0.00	0.27	0.01	-0.01	-0.01	0.04	
4.85	0.14	0.00	0.27	0.01	-0.01	-0.01	0.04	
4.85	0.14	0.00	0.27	0.01	-0.01	-0.01	0.04	
4.85	-0.39	0.00	0.27	0.01	-0.01	-0.01	0.04	
4.85	-0.25	0.00	0.27	0.01	-0.01	-0.01	0.04	
4.85	-0.14	0.00	0.27	0.01	-0.01	-0.01	0.04	
4.85	-0.06	0.00	0.27	0.01	-0.01	-0.01	0.04	
4.85	-0.01	0.00	0.27	0.01	-0.01	-0.01	0.04	
4.85	0.04	0.00	0.27	0.01	-0.01	-0.01	0.04	
4.85	0.07	0.00	0.27	0.01	-0.01	-0.01	0.04	
4.85	0.09	0.00	0.27	0.01	-0.01	-0.01	0.04	
4.85	0.10	0.00	0.27	0.01	-0.01	-0.01	0.04	
4.85	0.12	0.00	0.27	0.01	-0.01	-0.01	0.04	
4.85	0.12	0.00	0.27	0.01	-0.01	-0.01	0.04	
4.85	0.13	0.00	0.27	0.01	-0.01	-0.01	0.04	
4.85	-0.13	0.00	0.27	0.01	-0.01	-0.01	0.04	
4.85	-0.33	0.00	0.27	0.01	-0.01	-0.01	0.04	
4.85	-0.20	0.00	0.27	0.01	-0.01	-0.01	0.04	
4.85	-0.11	0.00	0.27	0.01	-0.01	-0.01	0.04	
4.85	-0.04	0.00	0.27	0.01	-0.01	-0.01	0.04	
4.85	0.01	0.00	0.27	0.01	-0.01	-0.01	0.04	
4.85	0.05	0.00	0.27	0.01	-0.01	-0.01	0.04	
4.85	0.08	0.00	0.27	0.01	-0.01	-0.01	0.04	
4.85	0.10	0.00	0.27	0.01	-0.01	-0.01	0.04	
4.85	0.11	0.00	0.27	0.01	-0.01	-0.01	0.04	
4.85	0.12	0.00	0.27	0.01	-0.01	-0.01	0.04	
4.85	0.13	0.00	0.27	0.01	-0.01	-0.01	0.04	
4.85	0.13	0.00	0.27	0.01	-0.01	-0.01	0.04	
4.85	0.14	0.00	0.27	0.01	-0.01	-0.01	0.04	
4.85	-0.67	0.00	0.27	0.01	-0.01	-0.01	0.04	
4.85	-0.45	0.00	0.27	0.01	-0.01	-0.01	0.04	
4.85	-0.29	0.00	0.27	0.01	-0.01	-0.01	0.04	
4.85	-0.17	0.00	0.27	0.01	-0.01	-0.01	0.04	
4.85	-0.08	0.00	0.27	0.01	-0.01	-0.01	0.04	
4.85	-0.02	0.00	0.27	0.01	-0.01	-0.01	0.04	
4.85	0.02	0.00	0.27	0.01	-0.01	-0.01	0.04	
4.85	-0.21	0.00	0.27	0.01	-0.01	-0.01	0.04	
4.85	-0.12	0.00	0.27	0.01	-0.01	-0.01	0.04	
4.85	-0.04	0.00	0.27	0.01	-0.01	-0.01	0.04	
4.85	0.01	0.00	0.27	0.01	-0.01	-0.01	0.04	
4.85	0.05	0.00	0.27	0.01	-0.01	-0.01	0.04	
4.85	-0.20	0.00	0.27	0.01	-0.01	-0.01	0.04	
4.85	-0.10	0.00	0.27	0.01	-0.01	-0.01	0.04	
4.85	-0.04	0.00	0.27	0.01	-0.01	-0.01	0.04	
4.85	0.01	0.00	0.27	0.01	-0.01	-0.01	0.04	
4.85	0.05	0.00	0.27	0.01	-0.01	-0.01	0.04	
4.85	0.08	0.00	0.27	0.01	-0.01	-0.01	0.04	
4.85	0.10	0.00	0.27	0.01	-0.01	-0.01	0.04	
4.85	0.11	0.00	0.27	0.01	-0.01	-0.01	0.04	
4.85	0.12	0.00	0.27	0.01	-0.01	-0.01	0.04	
4.85	0.13	0.00	0.27	0.01	-0.01	-0.01	0.04	
4.85	0.13	0.00	0.27	0.01	-0.01	-0.01	0.04	
4.85	0.14	0.00	0.27	0.01	-0.01	-0.01	0.04	
4.85	0.14	0.00	0.27	0.01	-0.01	-0.01	0.04	
4.85	0.14	0.00	0.27	0.01	-0.01	-0.01	0.04	
4.85	0.14	0.00	0.27	0.01	-0.01	-0.01	0.04	
4.85	0.14	0.00	0.27	0.01	-0.01	-0.01	0.04	
4.85	0.15	0.00	0.27	0.01	-0.01	-0.01	0.04	
4.85	0.15	0.00	0.27	0.01	-0.01	-0.01	0.04	
4.85	-0.39	0.00	0.27	0.01	-0.01	-0.01	0.04	
4.85	-1.06	0.00	0.27	0.01	-0.01	-0.01	0.04	
4.85	-0.73	0.00	0.27	0.01	-0.01	-0.01	0.04	
4.85	-0.49	0.00	0.27	0.01	-0.01	-0.01	0.04	
4.85	-0.32	0.00	0.27	0.01	-0.01	-0.01	0.04	
4.85	-0.19	0.00	0.27	0.01	-0.01	-0.01	0.04	
4.85	-0.10	0.00	0.27	0.01	-0.01	-0.01	0.04	
4.85	-0.03	0.00	0.27	0.01	-0.01	-0.01	0.04	
4.85	0.02	0.00	0.27	0.01	-0.01	-0.01	0.04	
4.85	0.05	0.00	0.27	0.01	-0.01	-0.01	0.04	
4.85	0.08	0.00	0.27	0.01	-0.01	-0.01	0.04	
4.85	-0.17	0.00	0.27	0.01	-0.01	-0.01	0.04	
4.85	-0.90	0.00	0.27	0.01	-0.01	-0.01	0.04	
4.85	-0.61	0.00	0.27	0.01	-0.01	-0.01	0.04	
4.85	-0.68	0.00	0.27	0.01	-0.01	-0.01	0.04	
4.85	-0.46	0.00	0.27	0.01	-0.01	-0.01	0.04	
4.85	-0.29	0.00	0.27	0.01	-0.01	-0.01	0.04	
4.85	-0.17	0.00	0.27	0.01	-0.01	-0.01	0.04	
4.85	-0.36	0.00	0.27	0.01	-0.01	-0.01	0.04	
4.85	-0.22	0.00	0.27	0.01	-0.01	-0.01	0.04	
4.85	-0.66	0.00	0.27	0.01	-0.01	-0.01	0.04	
4.85	-0.44	0.00	0.27	0.01	-0.01	-0.01	0.04	
4.85	-0.28	0.00	0.27	0.01	-0.01	-0.01	0.04	
4.85	-0.17	0.00	0.27	0.01	-0.01	-0.01	0.04	
4.85	-0.08	0.00	0.27	0.01	-0.01	-0.01	0.04	
4.85	-0.02	0.00	0.27	0.01	-0.01	-0.01	0.04	
4.85	-0.24	0.00	0.27	0.01	-0.01	-0.01	0.04	
4.85	-0.14	0.00	0.27	0.01	-0.01	-0.01	0.04	
4.85	-0.06	0.00	0.27	0.01	-0.01	-0.01	0.04	
4.85	-0.27	0.00	0.27	0.01	-0.01	-0.01	0.04	
4.85	-0.16	0.00	0.27	0.01	-0.01	-0.01	0.04	
4.85	-0.08	0.00	0.27	0.01	-0.01	-0.01	0.04	
4.85	-0.56	0.00	0.27	0.01	-0.01	-0.01	0.04	
4.85	-0.37	0.00	0.27	0.01	-0.01	-0.01	0.04	
4.85	-0.23	0.00	0.27	0.01	-0.01	-0.01	0.04	
4.85	-0.13	0.00	0.27	0.01	-0.01	-0.01	0.04	
4.85	-0.05	0.00	0.27	0.01	-0.01	-0.01	0.04	
4.85	0.00	0.00	0.27	0.01	-0.01	-0.01	0.04	
4.85	0.04	0.00	0.27	0.01	-0.01	-0.01	0.04	
4.85	0.07	0.00	0.27	0.01	-0.01	-0.01	0.04	
4.85	0.09	0.00	0.27	0.01	-0.01	-0.01	0.04	
4.85	0.11	0.00	0.27	0.01	-0.01	-0.01	0.04	
4.85	0.12	0.00	0.27	0.01	-0.01	-0.01	0.04	
4.85	0.13	0.00	0.27	0.01	-0.01	-0.01	0.04	
4.85	0.13	0.00	0.27	0.01	-0.01	-0.01	0.04	
4.85	0.14	0.00	0.27	0.01	-0.01	-0.01	0.04	
4.85	0.14	0.00	0.27	0.01	-0.01	-0.01	0.04	
4.85	-0.13	0.00	0.27	0.01	-0.01	-0.01	0.04	
4.85	-0.05	0.00	0.27	0.01	-0.01	-0.01	0.04	
4.85	-0.27	0.00	0.27	0.01	-0.01	-0.01	0.04	
4.85	-0.16	0.00	0.27	0.01	-0.01	-0.01	0.04	
4.85	-0.88	0.00	0.27	0.01	-0.01	-0.01	0.04	
4.85	-0.88	0.00	0.27	0.01	-0.01	-0.01	0.04	
4.85	-0.60	0.00	0.27	0.01	-0.01	-0.01	0.04	
4.85	-0.40	0.00	0.27	0.01	-0.01	-0.01	0.04	
4.85	-0.25	0.00	0.27	0.01	-0.01	-0.01	0.04	
4.85	-0.14	0.00	0.27	0.01	-0.01	-0.01	0.04	
4.85	-0.06	0.00	0.27	0.01	-0.01	-0.01	0.04	
4.85	-0.01	0.00	0.27	0.01	-0.01	-0.01	0.04	
4.85	0.04	0.00	0.27	0.01	-0.01	-0.01	0.04	
4.85	0.07	0.00	0.27	0.01	-0.01	-0.01	0.04	
4.85	0.09	0.00	0.27	0.01	-0.01	-0.01	0.04	
4.85	0.10	0.00	0.27	0.01	-0.01	-0.01	0.04	
4.85	0.12	0.00	0.27	0.01	-0.01	-0.01	0.04	
4.85	-0.15	0.00	0.27	0.01	-0.01	-0.01	0.04	
4.85	-0.07	0.00	0.27	0.01	-0.01	-0.01	0.04	
4.85	-0.01	0.00	0.27	0.01	-0.01	-0.01	0.04	
4.85	0.03	0.00	0.27	0.01	-0.01	-0.01	0.04	
4.85	0.06	0.00	0.27	0.01	-0.01	-0.01	0.04	
4.85	0.09	0.00	0.27	0.01	-0.01	-0.01	0.04	
4.85	0.10	0.00	0.27	0.01	-0.01	-0.01	0.04	
4.85	0.12	0.00	0.27	0.01	-0.01	-0.01	0.04	
4.85	0.12	0.00	0.27	0.01	-0.01	-0.01	0.04	
4.85	0.13	0.00	0.27	0.01	-0.01	-0.01	0.04	
4.85	0.14	0.00	0.27	0.01	-0.01	-0.01	0.04	
4.85	-0.13	0.00	0.27	0.01	-0.01	-0.01	0.04	
4.85	-0.33	0.00	0.27	0.01	-0.01	-0.01	0.04	
4.85	-0.20	0.00	0.27	0.01	-0.01	-0.01	0.04	
4.85	-0.37	0.00	0.27	0.01	-0.01	-0.01	0.04	
4.85	-0.50	0.00	0.27	0.01	-0.01	-0.01	0.04	
4.85	-0.33	0.00	0.27	0.01	-0.01	-0.01	0.04	
4.85	-0.20	0.00	0.27	0.01	-0.01	-0.01	0.04	
4.85	-0.38	0.00	0.27	0.01	-0.01	-0.01	0.04	
4.85	-0.23	0.00	0.27	0.01	-0.01	-0.01	0.04	
4.85	-0.13	0.00	0.27	0.01	-0.01	-0.01	0.04	
4.85	-0.06	0.00	0.27	0.01	-0.01	-0.01	0.04	
4.85	-0.27	0.00	0.27	0.01	-0.01	-0.01	0.04	
4.85	-0.43	0.00	0.27	0.01	-0.01	-0.01	0.04	
4.85	-0.27	0.00	0.27	0.01	-0.01	-0.01	0.04	
4.85	-0.16	0.00	0.27	0.01	-0.01	-0.01	0.04	
4.85	-0.89	0.00	0.27	0.01	-0.01	-0.01	0.04	
4.85	-0.61	0.00	0.27	0.01	-0.01	-0.01	0.04	
4.85	-0.40	0.00	0.27	0.01	-0.01	-0.01	0.04	
4.85	-0.25	0.00	0.27	0.01	-0.01	-0.01	0.04	
4.85	-0.15	0.00	0.27	0.01	-0.01	-0.01	0.04	
4.85	-0.07	0.00	0.27	0.01	-0.01	-0.01	0.04	
4.85	-0.01	0.00	0.27	0.01	-0.01	-0.01	0.04	
4.85	0.03	0.00	0.27	0.01	-0.01	-0.01	0.04	
4.85	0.06	0.00	0.27	0.01	-0.01	-0.01	0.04	
4.85	0.09	0.00	0.27	0.01	-0.01	-0.01	0.04	
4.85	-0.17	0.00	0.27	0.01	-0.01	-0.01	0.04	
4.85	-0.08	0.00	0.27	0.01	-0.01	-0.01	0.04	
4.85	-0.29	0.00	0.27	0.01	-0.01	-0.01	0.04	
4.85	-0.44	0.00	0.27	0.01	-0.01	-0.01	0.04	
4.85	-0.28	0.00	0.27	0.01	-0.01	-0.01	0.04	
4.85	-0.17	0.00	0.27	0.01	-0.01	-0.01	0.04	
4.85	-0.08	0.00	0.27	0.01	-0.01	-0.01	0.04	
4.85	-0.02	0.00	0.27	0.01	-0.01	-0.01	0.04	
4.85	0.03	0.00	0.27	0.01	-0.01	-0.01	0.04	
4.85	0.06	0.00	0.27	0.01	-0.01	-0.01	0.04	
4.85	0.08	0.00	0.27	0.01	-0.01	-0.01	0.04	
4.85	0.10	0.00	0.27	0.01	-0.01	-0.01	0.04	
4.85	0.11	0.00	0.27	0.01	-0.01	-0.01	0.04	
4.85	0.12	0.00	0.27	0.01	-0.01	-0.01	0.04	
4.85	-0.41	0.00	0.27	0.01	-0.01	-0.01	0.04	
4.85	-0.80	0.00	0.27	0.01	-0.01	-0.01	0.04	
4.85	-0.54	0.00	0.27	0.01	-0.01	-0.01	0.04	
4.85	-0.36	0.00	0.27	0.01	-0.01	-0.01	0.04	
4.85	-0.22	0.00	0.27	0.01	-0.01	-0.01	0.04	
4.85	-0.12	0.00	0.27	0.01	-0.01	-0.01	0.04	
4.85	-0.05	0.00	0.27	0.01	-0.01	-0.01	0.04	
4.85	0.00	0.00	0.27	0.01	-0.01	-0.01	0.04	
4.85	0.04	0.00	0.27	0.01	-0.01	-0.01	0.04	
4.85	0.07	0.00	0.27	0.01	-0.01	-0.01	0.04	
4.85	0.09	0.00	0.27	0.01	-0.01	-0.01	0.04	
4.85	0.11	0.00	0.27	0.01	-0.01	-0.01	0.04	
4.85	0.12	0.00	0.27	0.01	-0.01	-0.01	0.04	
4.85	0.13	0.00	0.27	0.01	-0.01	-0.01	0.04	
4.85	0.13	0.00	0.27	0.01	-0.01	-0.01	0.04	
4.85	0.14	0.00	0.27	0.01	-0.01	-0.01	0.04	
4.85	-0.40	0.00	0.27	0.01	-0.01	-0.01	0.04	
4.85	-0.25	0.00	0.27	0.01	-0.01	-0.01	0.04	
4.85	-0.14	0.00	0.27	0.01	-0.01	-0.01	0.04	
4.85	-0.07	0.00	0.27	0.01	-0.01	-0.01	0.04	
4.85	-0.01	0.00	0.27	0.01	-0.01	-0.01	0.04	
4.85	0.03	0.00	0.27	0.01	-0.01	-0.01	0.04	
4.85	0.07	0.00	0.27	0.01	-0.01	-0.01	0.04	
4.85	0.09	0.00	0.27	0.01	-0.01	-0.01	0.04	
4.85	-0.17	0.00	0.27	0.01	-0.01	-0.01	0.04	
4.85	-0.08	0.00	0.27	0.01	-0.01	-0.01	0.04	
4.85	-0.02	0.00	0.27	0.01	-0.01	-0.01	0.04	
4.85	0.03	0.00	0.27	0.01	-0.01	-0.01	0.04	
4.85	0.06	0.00	0.27	0.01	-0.01	-0.01	0.04	
4.85	-0.46	0.00	0.27	0.01	-0.01	-0.01	0.04	
4.85	-0.29	0.00	0.27	0.01	-0.01	-0.01	0.04	
4.85	-0.17	0.00	0.27	0.01	-0.01	-0.01	0.04	
4.85	-0.09	0.00	0.27	0.01	-0.01	-0.01	0.04	
4.85	-0.02	0.00	0.27	0.01	-0.01	-0.01	0.04	
4.85	-0.25	0.00	0.27	0.01	-0.01	-0.01	0.04	
4.85	-0.14	0.00	0.27	0.01	-0.01	-0.01	0.04	
4.85	-0.06	0.00	0.27	0.01	-0.01	-0.01	0.04	
4.85	-0.01	0.00	0.27	0.01	-0.01	-0.01	0.04	
4.85	0.04	0.00	0.27	0.01	-0.01	-0.01	0.04	
4.85	0.07	0.00	0.27	0.01	-0.01	-0.01	0.04	
4.85	0.09	0.00	0.27	0.01	-0.01	-0.01	0.04	
4.85	0.10	0.00	0.27	0.01	-0.01	-0.01	0.04	
4.85	0.12	0.00	0.27	0.01	-0.01	-0.01	0.04	
4.85	0.12	0.00	0.27	0.01	-0.01	-0.01	0.04	
4.85	0.13	0.00	0.27	0.01	-0.01	-0.01	0.04	
4.85	0.14	0.00	0.27	0.01	-0.01	-0.01	0.04	
4.85	0.14	0.00	0.27	0.01	-0.01	-0.01	0.04	
4.85	0.14	0.00	0.27	0.01	-0.01	-0.01	0.04	
4.85	0.14	0.00	0.27	0.01	-0.01	-0.01	0.04	
4.85	-0.13	0.00	0.27	0.01	-0.01	-0.01	0.04	
4.85	-0.05	0.00	0.27	0.01	-0.01	-0.01	0.04	
4.85	-0.81	0.00	0.27	0.01	-0.01	-0.01	0.04	
4.85	-0.55	0.00	0.27	0.01	-0.01	-0.01	0.04	
4.85	-0.36	0.00	0.27	0.01	-0.01	-0.01	0.04	
4.85	-0.22	0.00	0.27	0.01	-0.01	-0.01	0.04	
4.85	-0.12	0.00	0.27	0.01	-0.01	-0.01	0.04	
4.85	-0.32	0.00	0.27	0.01	-0.01	-0.01	0.04	
4.85	-0.19	0.00	0.27	0.01	-0.01	-0.01	0.04	
4.85	-0.10	0.00	0.27	0.01	-0.01	-0.01	0.04	
4.85	-0.03	0.00	0.27	0.01	-0.01	-0.01	0.04	
4.85	0.02	0.00	0.27	0.01	-0.01	-0.01	0.04	
4.85	-0.22	0.00	0.27	0.01	-0.01	-0.01	0.04	
4.85	-0.12	0.00	0.27	0.01	-0.01	-0.01	0.04	
4.85	-0.05	0.00	0.27	0.01	-0.01	-0.01	0.04	
4.85	0.01	0.00	0.27	0.01	-0.01	-0.01	0.04	
4.85	0.04	0.00	0.27	0.01	-0.01	-0.01	0.04	
4.85	0.07	0.00	0.27	0.01	-0.01	-0.01	0.04	
4.85	-0.45	0.00	0.27	0.01	-0.01	-0.01	0.04	
4.85	-0.29	0.00	0.27	0.01	-0.01	-0.01	0.04	
4.85	-0.17	0.00	0.27	0.01	-0.01	-0.01	0.04	
4.85	-0.08	0.00	0.27	0.01	-0.01	-0.01	0.04	
4.85	-0.02	0.00	0.27	0.01	-0.01	-0.01	0.04	
4.85	0.02	0.00	0.27	0.01	-0.01	-0.01	0.04	
4.85	-0.21	0.00	0.27	0.01	-0.01	-0.01	0.04	
4.85	-0.11	0.00	0.27	0.01	-0.01	-0.01	0.04	
4.85	-0.04	0.00	0.27	0.01	-0.01	-0.01	0.04	
4.85	0.01	0.00	0.27	0.01	-0.01	-0.01	0.04	
4.85	-0.49	0.00	0.27	0.01	-0.01	-0.01	0.04	
4.85	-0.59	0.00	0.27	0.01	-0.01	-0.01	0.04	
4.85	-0.39	0.00	0.27	0.01	-0.01	-0.01	0.04	
4.85	-0.25	0.00	0.27	0.01	-0.01	-0.01	0.04	
4.85	-0.41	0.00	0.27	0.01	-0.01	-0.01	0.04	
4.85	-0.26	0.00	0.27	0.01	-0.01	-0.01	0.04	
4.85	-0.15	0.00	0.27	0.01	-0.01	-0.01	0.04	
4.85	-0.07	0.00	0.27	0.01	-0.01	-0.01	0.04	
4.85	-0.01	0.00	0.27	0.01	-0.01	-0.01	0.04	
4.85	0.03	0.00	0.27	0.01	-0.01	-0.01	0.04	
4.85	0.06	0.00	0.27	0.01	-0.01	-0.01	0.04	
4.85	0.09	0.00	0.27	0.01	-0.01	-0.01	0.04	
4.85	0.10	0.00	0.27	0.01	-0.01	-0.01	0.04	
4.85	-0.43	0.00	0.27	0.01	-0.01	-0.01	0.04	
4.85	-0.27	0.00	0.27	0.01	-0.01	-0.01	0.04	
4.85	-0.43	0.00	0.27	0.01	-0.01	-0.01	0.04	
4.85	-0.27	0.00	0.27	0.01	-0.01	-0.01	0.04	
4.85	-0.16	0.00	0.27	0.01	-0.01	-0.01	0.04	
4.85	-0.35	0.00	0.27	0.01	-0.01	-0.01	0.04	
4.85	-0.21	0.00	0.27	0.01	-0.01	-0.01	0.04	
4.85	-0.12	0.00	0.27	0.01	-0.01	-0.01	0.04	
4.85	-0.04	0.00	0.27	0.01	-0.01	-0.01	0.04	
4.85	0.01	0.00	0.27	0.01	-0.01	-0.01	0.04	
4.85	0.05	0.00	0.27	0.01	-0.01	-0.01	0.04	
4.85	0.07	0.00	0.27	0.01	-0.01	-0.01	0.04	
4.85	-0.18	0.00	0.27	0.01	-0.01	-0.01	0.04	
4.85	-0.09	0.00	0.27	0.01	-0.01	-0.01	0.04	
4.85	-0.02	0.00	0.27	0.01	-0.01	-0.01	0.04	
4.85	0.02	0.00	0.27	0.01	-0.01	-0.01	0.04	
4.85	-0.21	0.00	0.27	0.01	-0.01	-0.01	0.04	
4.85	-0.39	0.00	0.27	0.01	-0.01	-0.01	0.04	
4.85	-0.24	0.00	0.27	0.01	-0.01	-0.01	0.04	
4.85	-0.68	0.00	0.27	0.01	-0.01	-0.01	0.04	
4.85	-0.45	0.00	0.27	0.01	-0.01	-0.01	0.04	
4.85	-0.56	0.00	0.27	0.01	-0.01	-0.01	0.04	
4.85	-0.91	0.00	0.27	0.01	-0.01	-0.01	0.04	
4.85	-0.62	0.00	0.27	0.01	-0.01	-0.01	0.04	
4.85	-0.42	0.00	0.27	0.01	-0.01	-0.01	0.04	
4.85	-0.26	0.00	0.27	0.01	-0.01	-0.01	0.04	
4.85	-0.15	0.00	0.27	0.01	-0.01	-0.01	0.04	
4.85	-0.07	0.00	0.27	0.01	-0.01	-0.01	0.04	
4.85	-0.01	0.00	0.27	0.01	-0.01	-0.01	0.04	
4.85	0.03	0.00	0.27	0.01	-0.01	-0.01	0.04	
4.85	0.06	0.00	0.27	0.01	-0.01	-0.01	0.04	
4.85	0.09	0.00	0.27	0.01	-0.01	-0.01	0.04	
4.85	0.10	0.00	0.27	0.01	-0.01	-0.01	0.04	
4.85	0.11	0.00	0.27	0.01	-0.01	-0.01	0.04	
4.85	0.12	0.00	0.27	0.01	-0.01	-0.01	0.04	
4.85	0.13	0.00	0.27	0.01	-0.01	-0.01	0.04	
4.85	-0.14	0.00	0.27	0.01	-0.01	-0.01	0.04	
4.85	-0.06	0.00	0.27	0.01	-0.01	-0.01	0.04	
4.85	-0.00	0.00	0.27	0.01	-0.01	-0.01	0.04	
4.85	0.04	0.00	0.27	0.01	-0.01	-0.01	0.04	
4.85	0.07	0.00	0.27	0.01	-0.01	-0.01	0.04	
4.85	0.09	0.00	0.27	0.01	-0.01	-0.01	0.04	
4.85	0.11	0.00	0.27	0.01	-0.01	-0.01	0.04	
4.85	0.12	0.00	0.27	0.01	-0.01	-0.01	0.04	
4.85	0.13	0.00	0.27	0.01	-0.01	-0.01	0.04	
4.85	-0.41	0.00	0.27	0.01	-0.01	-0.01	0.04	
4.85	-0.26	0.00	0.27	0.01	-0.01	-0.01	0.04	
4.85	-0.42	0.00	0.27	0.01	-0.01	-0.01	0.04	
4.85	-0.27	0.00	0.27	0.01	-0.01	-0.01	0.04	
4.85	-0.15	0.00	0.27	0.01	-0.01	-0.01	0.04	
4.85	-0.34	0.00	0.27	0.01	-0.01	-0.01	0.04	
4.85	-0.21	0.00	0.27	0.01	-0.01	-0.01	0.04	
4.85	-0.11	0.00	0.27	0.01	-0.01	-0.01	0.04	
4.85	-0.04	0.00	0.27	0.01	-0.01	-0.01	0.04	
4.85	0.01	0.00	0.27	0.01	-0.01	-0.01	0.04	
4.85	0.05	0.00	0.27	0.01	-0.01	-0.01	0.04	
4.85	0.07	0.00	0.27	0.01	-0.01	-0.01	0.04	
4.85	0.09	0.00	0.27	0.01	-0.01	-0.01	0.04	
4.85	0.11	0.00	0.27	0.01	-0.01	-0.01	0.04	
4.85	-0.15	0.00	0.27	0.01	-0.01	-0.01	0.04	
4.85	-0.34	0.00	0.27	0.01	-0.01	-0.01	0.04	
4.85	-0.21	0.00	0.27	0.01	-0.01	-0.01	0.04	
4.85	-0.11	0.00	0.27	0.01	-0.01	-0.01	0.04	
4.85	-0.04	0.00	0.27	0.01	-0.01	-0.01	0.04	
4.85	0.01	0.00	0.27	0.01	-0.01	-0.01	0.04	
4.85	0.05	0.00	0.27	0.01	-0.01	-0.01	0.04	
4.85	0.07	0.00	0.27	0.01	-0.01	-0.01	0.04	
4.85	0.09	0.00	0.27	0.01	-0.01	-0.01	0.04	
4.85	-0.16	0.00	0.27	0.01	-0.01	-0.01	0.04	
4.85	-0.08	0.00	0.27	0.01	-0.01	-0.01	0.04	
4.85	-0.02	0.00	0.27	0.01	-0.01	-0.01	0.04	
4.85	0.03	0.00	0.27	0.01	-0.01	-0.01	0.04	
4.85	0.06	0.00	0.27	0.01	-0.01	-0.01	0.04	
4.85	0.08	0.00	0.27	0.01	-0.01	-0.01	0.04	
4.85	0.10	0.00	0.27	0.01	-0.01	-0.01	0.04	
4.85	0.11	0.00	0.27	0.01	-0.01	-0.01	0.04	
4.85	0.12	0.00	0.27	0.01	-0.01	-0.01	0.04	
4.85	-0.14	0.00	0.27	0.01	-0.01	-0.01	0.04	
4.85	-0.33	0.00	0.27	0.01	-0.01	-0.01	0.04	
4.85	-0.20	0.00	0.27	0.01	-0.01	-0.01	0.04	
4.85	-0.11	0.00	0.27	0.01	-0.01	-0.01	0.04	
4.85	-0.04	0.00	0.27	0.01	-0.01	-0.01	0.04	
4.85	0.01	0.00	0.27	0.01	-0.01	-0.01	0.04	
4.85	0.05	0.00	0.27	0.01	-0.01	-0.01	0.04	
4.85	-0.19	0.00	0.27	0.01	-0.01	-0.01	0.04	
4.85	-0.37	0.00	0.27	0.01	-0.01	-0.01	0.04	
4.85	-0.50	0.00	0.27	0.01	-0.01	-0.01	0.04	
4.85	-0.60	0.00	0.27	0.01	-0.01	-0.01	0.04	
4.85	-0.40	0.00	0.27	0.01	-0.01	-0.01	0.04	
4.85	-0.25	0.00	0.27	0.01	-0.01	-0.01	0.04	
4.85	-0.14	0.00	0.27	0.01	-0.01	-0.01	0.04	
4.85	-0.06	0.00	0.27	0.01	-0.01	-0.01	0.04	
4.85	-0.01	0.00	0.27	0.01	-0.01	-0.01	0.04	
4.85	0.04	0.00	0.27	0.01	-0.01	-0.01	0.04	
4.85	0.07	0.00	0.27	0.01	-0.01	-0.01	0.04	
4.85	0.09	0.00	0.27	0.01	-0.01	-0.01	0.04	
4.85	0.10	0.00	0.27	0.01	-0.01	-0.01	0.04	
4.85	0.12	0.00	0.27	0.01	-0.01	-0.01	0.04	
4.85	0.12	0.00	0.27	0.01	-0.01	-0.01	0.04	
4.85	0.13	0.00	0.27	0.01	-0.01	-0.01	0.04	
4.85	-0.13	0.00	0.27	0.01	-0.01	-0.01	0.04	
4.85	-0.06	0.00	0.27	0.01	-0.01	-0.01	0.04	
4.85	-0.00	0.00	0.27	0.01	-0.01	-0.01	0.04	
4.85	0.04	0.00	0.27	0.01	-0.01	-0.01	0.04	
4.85	0.07	0.00	0.27	0.01	-0.01	-0.01	0.04	
4.85	0.09	0.00	0.27	0.01	-0.01	-0.01	0.04	
4.85	0.11	0.00	0.27	0.01	-0.01	-0.01	0.04	
4.85	0.12	0.00	0.27	0.01	-0.01	-0.01	0.04	
4.85	0.13	0.00	0.27	0.01	-0.01	-0.01	0.04	
4.85	0.13	0.00	0.27	0.01	-0.01	-0.01	0.04	
4.85	0.14	0.00	0.27	0.01	-0.01	-0.01	0.04	
4.85	0.14	0.00	0.27	0.01	-0.01	-0.01	0.04	
4.85	0.14	0.00	0.27	0.01	-0.01	-0.01	0.04	
4.85	0.14	0.00	0.27	0.01	-0.01	-0.01	0.04	
4.85	0.14	0.00	0.27	0.01	-0.01	-0.01	0.04	
4.85	0.15	0.00	0.27	0.01	-0.01	-0.01	0.04	
4.85	0.15	0.00	0.27	0.01	-0.01	-0.01	0.04	
4.85	0.15	0.00	0.27	0.01	-0.01	-0.01	0.04	
4.85	0.15	0.00	0.27	0.01	-0.01	-0.01	0.04	
4.85	0.15	0.00	0.27	0.01	-0.01	-0.01	0.04	
4.85	0.15	0.00	0.27	0.01	-0.01	-0.01	0.04	
4.85	0.15	0.00	0.27	0.01	-0.01	-0.01	0.04	
4.85	0.15	0.00	0.27	0.01	-0.01	-0.01	0.04	
4.85	-0.39	0.00	0.27	0.01	-0.01	-0.01	0.04	
4.85	-0.25	0.00	0.27	0.01	-0.01	-0.01	0.04	
4.85	-0.14	0.00	0.27	0.01	-0.01	-0.01	0.04	
4.85	-0.06	0.00	0.27	0.01	-0.01	-0.01	0.04	
4.85	-0.01	0.00	0.27	0.01	-0.01	-0.01	0.04	
4.85	0.04	0.00	0.27	0.01	-0.01	-0.01	0.04	
4.85	-0.20	0.00	0.27	0.01	-0.01	-0.01	0.04	
4.85	-0.11	0.00	0.27	0.01	-0.01	-0.01	0.04	
4.85	-0.04	0.00	0.27	0.01	-0.01	-0.01	0.04	
4.85	0.01	0.00	0.27	0.01	-0.01	-0.01	0.04	
4.85	0.05	0.00	0.27	0.01	-0.01	-0.01	0.04	
4.85	0.08	0.00	0.27	0.01	-0.01	-0.01	0.04	
4.85	-0.18	0.00	0.27	0.01	-0.01	-0.01	0.04	
4.85	-0.63	0.00	0.27	0.01	-0.01	-0.01	0.04	
4.85	-0.69	0.00	0.27	0.01	-0.01	-0.01	0.04	
4.85	-0.46	0.00	0.27	0.01	-0.01	-0.01	0.04	
4.85	-0.30	0.00	0.27	0.01	-0.01	-0.01	0.04	
4.85	-0.18	0.00	0.27	0.01	-0.01	-0.01	0.04	
4.85	-0.09	0.00	0.27	0.01	-0.01	-0.01	0.04	
4.85	-0.03	0.00	0.27	0.01	-0.01	-0.01	0.04	
4.85	0.02	0.00	0.27	0.01	-0.01	-0.01	0.04	
4.85	0.06	0.00	0.27	0.01	-0.01	-0.01	0.04	
4.85	0.08	0.00	0.27	0.01	-0.01	-0.01	0.04	
4.85	0.10	0.00	0.27	0.01	-0.01	-0.01	0.04	
4.85	-0.16	0.00	0.27	0.01	-0.01	-0.01	0.04	
4.85	-0.08	0.00	0.27	0.01	-0.01	-0.01	0.04	
4.85	-0.02	0.00	0.27	0.01	-0.01	-0.01	0.04	
4.85	0.03	0.00	0.27	0.01	-0.01	-0.01	0.04	
4.85	0.06	0.00	0.27	0.01	-0.01	-0.01	0.04	
4.85	0.08	0.00	0.27	0.01	-0.01	-0.01	0.04	
4.85	0.10	0.00	0.27	0.01	-0.01	-0.01	0.04	
4.85	0.11	0.00	0.27	0.01	-0.01	-0.01	0.04	
4.85	0.12	0.00	0.27	0.01	-0.01	-0.01	0.04	
4.85	0.13	0.00	0.27	0.01	-0.01	-0.01	0.04	
4.85	0.13	0.00	0.27	0.01	-0.01	-0.01	0.04	
4.85	0.14	0.00	0.27	0.01	-0.01	-0.01	0.04	
4.85	0.14	0.00	0.27	0.01	-0.01	-0.01	0.04	
4.85	-0.40	0.00	0.27	0.01	-0.01	-0.01	0.04	
4.85	-0.25	0.00	0.27	0.01	-0.01	-0.01	0.04	
4.85	-0.14	0.00	0.27	0.01	-0.01	-0.01	0.04	
4.85	-0.06	0.00	0.27	0.01	-0.01	-0.01	0.04	
4.85	-0.01	0.00	0.27	0.01	-0.01	-0.01	0.04	
4.85	0.04	0.00	0.27	0.01	-0.01	-0.01	0.04	
4.85	0.07	0.00	0.27	0.01	-0.01	-0.01	0.04	
4.85	0.09	0.00	0.27	0.01	-0.01	-0.01	0.04	
4.85	0.10	0.00	0.27	0.01	-0.01	-0.01	0.04	
4.85	0.12	0.00	0.27	0.01	-0.01	-0.01	0.04	
4.85	0.12	0.00	0.27	0.01	-0.01	-0.01	0.04	
4.85	0.13	0.00	0.27	0.01	-0.01	-0.01	0.04	
4.85	0.14	0.00	0.27	0.01	-0.01	-0.01	0.04	
4.85	0.14	0.00	0.27	0.01	-0.01	-0.01	0.04	
4.85	-0.13	0.00	0.27	0.01	-0.01	-0.01	0.04	
4.85	-0.32	0.00	0.27	0.01	-0.01	-0.01	0.04	
4.85	-0.20	0.00	0.27	0.01	-0.01	-0.01	0.04	
4.85	-0.10	0.00	0.27	0.01	-0.01	-0.01	0.04	
4.85	-0.04	0.00	0.27	0.01	-0.01	-0.01	0.04	
4.85	0.01	0.00	0.27	0.01	-0.01	-0.01	0.04	
4.85	0.05	0.00	0.27	0.01	-0.01	-0.01	0.04	
4.85	0.08	0.00	0.27	0.01	-0.01	-0.01	0.04	
4.85	0.10	0.00	0.27	0.01	-0.01	-0.01	0.04	
4.85	0.11	0.00	0.27	0.01	-0.01	-0.01	0.04	
4.85	-0.15	0.00	0.27	0.01	-0.01	-0.01	0.04	
4.85	-0.07	0.00	0.27	0.01	-0.01	-0.01	0.04	
4.85	-0.01	0.00	0.27	0.01	-0.01	-0.01	0.04	
4.85	0.03	0.00	0.27	0.01	-0.01	-0.01	0.04	
4.85	0.06	0.00	0.27	0.01	-0.01	-0.01	0.04	
4.85	0.09	0.00	0.27	0.01	-0.01	-0.01	0.04	
4.85	-0.17	0.00	0.27	0.01	-0.01	-0.01	0.04	
4.85	-0.08	0.00	0.27	0.01	-0.01	-0.01	0.04	
4.85	-0.02	0.00	0.27	0.01	-0.01	-0.01	0.04	
4.85	0.03	0.00	0.27	0.01	-0.01	-0.01	0.04	
4.85	0.06	0.00	0.27	0.01	-0.01	-0.01	0.04	
4.85	0.08	0.00	0.27	0.01	-0.01	-0.01	0.04	
4.85	0.10	0.00	0.27	0.01	-0.01	-0.01	0.04	
4.85	-0.43	0.00	0.27	0.01	-0.01	-0.01	0.04	
4.85	-0.27	0.00	0.27	0.01	-0.01	-0.01	0.04	
4.85	-0.16	0.00	0.27	0.01	-0.01	-0.01	0.04	
4.85	-0.08	0.00	0.27	0.01	-0.01	-0.01	0.04	
4.85	-0.02	0.00	0.27	0.01	-0.01	-0.01	0.04	
4.85	-0.24	0.00	0.27	0.01	-0.01	-0.01	0.04	
4.85	-0.14	0.00	0.27	0.01	-0.01	-0.01	0.04	
4.85	-0.06	0.00	0.27	0.01	-0.01	-0.01	0.04	
4.85	-0.00	0.00	0.27	0.01	-0.01	-0.01	0.04	
4.85	0.04	0.00	0.27	0.01	-0.01	-0.01	0.04	
4.85	0.07	0.00	0.27	0.01	-0.01	-0.01	0.04	
4.85	0.09	0.00	0.27	0.01	-0.01	-0.01	0.04	
4.85	-0.17	0.00	0.27	0.01	-0.01	-0.01	0.04	
4.85	-0.08	0.00	0.27	0.01	-0.01	-0.01	0.04	
4.85	-0.02	0.00	0.27	0.01	-0.01	-0.01	0.04	
4.85	0.03	0.00	0.27	0.01	-0.01	-0.01	0.04	
4.85	0.06	0.00	0.27	0.01	-0.01	-0.01	0.04	
4.85	0.08	0.00	0.27	0.01	-0.01	-0.01	0.04	
4.85	0.10	0.00	0.27	0.01	-0.01	-0.01	0.04	
4.85	0.11	0.00	0.27	0.01	-0.01	-0.01	0.04	
4.85	0.12	0.00	0.27	0.01	-0.01	-0.01	0.04	
4.85	-0.14	0.00	0.27	0.01	-0.01	-0.01	0.04	
4.85	-0.06	0.00	0.27	0.01	-0.01	-0.01	0.04	
4.85	-0.01	0.00	0.27	0.01	-0.01	-0.01	0.04	
4.85	0.04	0.00	0.27	0.01	-0.01	-0.01	0.04	
4.85	0.07	0.00	0.27	0.01	-0.01	-0.01	0.04	
4.85	0.09	0.00	0.27	0.01	-0.01	-0.01	0.04	
4.85	0.10	0.00	0.27	0.01	-0.01	-0.01	0.04	
4.85	0.12	0.00	0.27	0.01	-0.01	-0.01	0.04	
4.85	0.12	0.00	0.27	0.01	-0.01	-0.01	0.04	
4.85	0.13	0.00	0.27	0.01	-0.01	-0.01	0.04	
4.85	0.14	0.00	0.27	0.01	-0.01	-0.01	0.04	
4.85	0.14	0.00	0.27	0.01	-0.01	-0.01	0.04	
4.85	0.14	0.00	0.27	0.01	-0.01	-0.01	0.04	
4.85	-0.13	0.00	0.27	0.01	-0.01	-0.01	0.04	
4.85	-0.05	0.00	0.27	0.01	-0.01	-0.01	0.04	
4.85	0.00	0.00	0.27	0.01	-0.01	-0.01	0.04	
4.85	0.04	0.00	0.27	0.01	-0.01	-0.01	0.04	
4.85	0.07	0.00	0.27	0.01	-0.01	-0.01	0.04	
4.85	0.09	0.00	0.27	0.01	-0.01	-0.01	0.04	
4.85	0.11	0.00	0.27	0.01	-0.01	-0.01	0.04	
4.85	0.12	0.00	0.27	0.01	-0.01	-0.01	0.04	
4.85	0.13	0.00	0.27	0.01	-0.01	-0.01	0.04	
4.85	0.13	0.00	0.27	0.01	-0.01	-0.01	0.04	
4.85	0.14	0.00	0.27	0.01	-0.01	-0.01	0.04	
4.85	0.14	0.00	0.27	0.01	-0.01	-0.01	0.04	
4.85	0.14	0.00	0.27	0.01	-0.01	-0.01	0.04	
4.85	0.14	0.00	0.27	0.01	-0.01	-0.01	0.04	
4.85	0.14	0.00	0.27	0.01	-0.01	-0.01	0.04	
4.85	0.15	0.00	0.27	0.01	-0.01	-0.01	0.04	
4.85	0.15	0.00	0.27	0.01	-0.01	-0.01	0.04	
4.85	0.15	0.00	0.27	0.01	-0.01	-0.01	0.04	
4.85	0.15	0.00	0.27	0.01	-0.01	-0.01	0.04	
4.85	-0.12	0.00	0.27	0.01	-0.01	-0.01	0.04	
4.85	-0.05	0.00	0.27	0.01	-0.01	-0.01	0.04	
4.85	0.00	0.00	0.27	0.01	-0.01	-0.01	0.04	
4.85	0.04	0.00	0.27	0.01	-0.01	-0.01	0.04	
4.85	-0.47	0.00	0.27	0.01	-0.01	-0.01	0.04	
4.85	-0.30	0.00	0.27	0.01	-0.01	-0.01	0.04	
4.85	-0.18	0.00	0.27	0.01	-0.01	-0.01	0.04	
4.85	-0.09	0.00	0.27	0.01	-0.01	-0.01	0.04	
4.85	-0.03	0.00	0.27	0.01	-0.01	-0.01	0.04	
4.85	0.02	0.00	0.27	0.01	-0.01	-0.01	0.04	
4.85	0.05	0.00	0.27	0.01	-0.01	-0.01	0.04	
4.85	0.08	0.00	0.27	0.01	-0.01	-0.01	0.04	
4.85	0.10	0.00	0.27	0.01	-0.01	-0.01	0.04	
4.85	-0.70	0.00	0.27	0.01	-0.01	-0.01	0.04	
4.85	-0.47	0.00	0.27	0.01	-0.01	-0.01	0.04	
4.85	-0.30	0.00	0.27	0.01	-0.01	-0.01	0.04	
4.85	-0.18	0.00	0.27	0.01	-0.01	-0.01	0.04	
4.85	-0.90	0.00	0.27	0.01	-0.01	-0.01	0.04	
4.85	-0.62	0.00	0.27	0.01	-0.01	-0.01	0.04	
4.85	-0.41	0.00	0.27	0.01	-0.01	-0.01	0.04	
4.85	-0.26	0.00	0.27	0.01	-0.01	-0.01	0.04	
4.85	-0.15	0.00	0.27	0.01	-0.01	-0.01	0.04	
4.85	-0.07	0.00	0.27	0.01	-0.01	-0.01	0.04	
4.85	-0.28	0.00	0.27	0.01	-0.01	-0.01	0.04	
4.85	-0.17	0.00	0.27	0.01	-0.01	-0.01	0.04	
4.85	-0.08	0.00	0.27	0.01	-0.01	-0.01	0.04	
4.85	-0.02	0.00	0.27	0.01	-0.01	-0.01	0.04	
4.85	0.03	0.00	0.27	0.01	-0.01	-0.01	0.04	
4.85	0.06	0.00	0.27	0.01	-0.01	-0.01	0.04	
4.85	0.08	0.00	0.27	0.01	-0.01	-0.01	0.04	
4.85	-0.17	0.00	0.27	0.01	-0.01	-0.01	0.04	
4.85	-0.08	0.00	0.27	0.01	-0.01	-0.01	0.04	
4.85	-0.02	0.00	0.27	0.01	-0.01	-0.01	0.04	
4.85	0.02	0.00	0.27	0.01	-0.01	-0.01	0.04	
4.85	0.06	0.00	0.27	0.01	-0.01	-0.01	0.04	
4.85	0.08	0.00	0.27	0.01	-0.01	-0.01	0.04	
4.85	0.10	0.00	0.27	0.01	-0.01	-0.01	0.04	
4.85	0.11	0.00	0.27	0.01	-0.01	-0.01	0.04	
4.85	0.12	0.00	0.27	0.01	-0.01	-0.01	0.04	
4.85	0.13	0.00	0.27	0.01	-0.01	-0.01	0.04	
4.85	-0.68	0.00	0.27	0.01	-0.01	-0.01	0.04	
4.85	-0.45	0.00	0.27	0.01	-0.01	-0.01	0.04	
4.85	-0.29	0.00	0.27	0.01	-0.01	-0.01	0.04	
4.85	-0.17	0.00	0.27	0.01	-0.01	-0.01	0.04	
4.85	-0.09	0.00	0.27	0.01	-0.01	-0.01	0.04	
4.85	-0.02	0.00	0.27	0.01	-0.01	-0.01	0.04	
4.85	0.02	0.00	0.27	0.01	-0.01	-0.01	0.04	
4.85	0.06	0.00	0.27	0.01	-0.01	-0.01	0.04	
4.85	0.08	0.00	0.27	0.01	-0.01	-0.01	0.04	
4.85	0.10	0.00	0.27	0.01	-0.01	-0.01	0.04	
4.85	0.11	0.00	0.27	0.01	-0.01	-0.01	0.04	
4.85	0.12	0.00	0.27	0.01	-0.01	-0.01	0.04	
4.85	0.13	0.00	0.27	0.01	-0.01	-0.01	0.04	
4.85	0.13	0.00	0.27	0.01	-0.01	-0.01	0.04	
4.85	0.14	0.00	0.27	0.01	-0.01	-0.01	0.04	
4.85	0.14	0.00	0.27	0.01	-0.01	-0.01	0.04	
4.85	0.14	0.00	0.27	0.01	-0.01	-0.01	0.04	
4.85	0.14	0.00	0.27	0.01	-0.01	-0.01	0.04	
4.85	0.15	0.00	0.27	0.01	-0.01	-0.01	0.04	
4.85	0.15	0.00	0.27	0.01	-0.01	-0.01	0.04	
4.85	0.15	0.00	0.27	0.01	-0.01	-0.01	0.04	
4.85	0.15	0.00	0.27	0.01	-0.01	-0.01	0.04	
4.85	0.15	0.00	0.27	0.01	-0.01	-0.01	0.04	
4.85	0.15	0.00	0.27	0.01	-0.01	-0.01	0.04	
4.85	0.15	0.00	0.27	0.01	-0.01	-0.01	0.04	
4.85	0.15	0.00	0.27	0.01	-0.01	-0.01	0.04	
4.85	0.15	0.00	0.27	0.01	-0.01	-0.01	0.04	
4.85	0.15	0.00	0.27	0.01	-0.01	-0.01	0.04	
4.85	0.15	0.00	0.27	0.01	-0.01	-0.01	0.04	
4.85	0.15	0.00	0.27	0.01	-0.01	-0.01	0.04	
4.85	0.15	0.00	0.27	0.01	-0.01	-0.01	0.04	
4.85	0.15	0.00	0.27	0.01	-0.01	-0.01	0.04	
4.85	0.15	0.00	0.27	0.01	-0.01	-0.01	0.04	
4.85	0.15	0.00	0.27	0.01	-0.01	-0.01	0.04	
4.85	0.15	0.00	0.27	0.01	-0.01	-0.01	0.04	
4.85	-0.12	0.00	0.27	0.01	-0.01	-0.01	0.04	
4.85	-0.05	0.00	0.27	0.01	-0.01	-0.01	0.04	
4.85	0.00	0.00	0.27	0.01	-0.01	-0.01	0.04	
4.85	0.04	0.00	0.27	0.01	-0.01	-0.01	0.04	
4.85	0.07	0.00	0.27	0.01	-0.01	-0.01	0.04	
4.85	0.09	0.00	0.27	0.01	-0.01	-0.01	0.04	
4.85	-0.43	0.00	0.27	0.01	-0.01	-0.01	0.04	
4.85	-0.28	0.00	0.27	0.01	-0.01	-0.01	0.04	
4.85	-0.16	0.00	0.27	0.01	-0.01	-0.01	0.04	
4.85	-0.08	0.00	0.27	0.01	-0.01	-0.01	0.04	
4.85	-0.02	0.00	0.27	0.01	-0.01	-0.01	0.04	
4.85	0.03	0.00	0.27	0.01	-0.01	-0.01	0.04	
4.85	0.06	0.00	0.27	0.01	-0.01	-0.01	0.04	
4.85	0.08	0.00	0.27	0.01	-0.01	-0.01	0.04	
4.85	0.10	0.00	0.27	0.01	-0.01	-0.01	0.04	
4.85	-0.16	0.00	0.27	0.01	-0.01	-0.01	0.04	
4.85	-0.07	0.00	0.27	0.01	-0.01	-0.01	0.04	
4.85	-0.01	0.00	0.27	0.01	-0.01	-0.01	0.04	
4.85	0.03	0.00	0.27	0.01	-0.01	-0.01	0.04	
4.85	0.06	0.00	0.27	0.01	-0.01	-0.01	0.04	
4.85	0.08	0.00	0.27	0.01	-0.01	-0.01	0.04	
4.85	0.10	0.00	0.27	0.01	-0.01	-0.01	0.04	
4.85	0.11	0.00	0.27	0.01	-0.01	-0.01	0.04	
4.85	-0.15	0.00	0.27	0.01	-0.01	-0.01	0.04	
4.85	-0.07	0.00	0.27	0.01	-0.01	-0.01	0.04	
4.85	-0.01	0.00	0.27	0.01	-0.01	-0.01	0.04	
4.85	0.03	0.00	0.27	0.01	-0.01	-0.01	0.04	
4.85	-0.21	0.00	0.27	0.01	-0.01	-0.01	0.04	
4.85	-0.11	0.00	0.27	0.01	-0.01	-0.01	0.04	
4.85	-0.04	0.00	0.27	0.01	-0.01	-0.01	0.04	
4.85	0.01	0.00	0.27	0.01	-0.01	-0.01	0.04	
4.85	0.05	0.00	0.27	0.01	-0.01	-0.01	0.04	
4.85	0.07	0.00	0.27	0.01	-0.01	-0.01	0.04	
4.85	-0.18	0.00	0.27	0.01	-0.01	-0.01	0.04	
4.85	-0.09	0.00	0.27	0.01	-0.01	-0.01	0.04	
4.85	-0.02	0.00	0.27	0.01	-0.01	-0.01	0.04	
4.85	0.02	0.00	0.27	0.01	-0.01	-0.01	0.04	
4.85	0.06	0.00	0.27	0.01	-0.01	-0.01	0.04	
4.85	0.08	0.00	0.27	0.01	-0.01	-0.01	0.04	
4.85	0.10	0.00	0.27	0.01	-0.01	-0.01	0.04	
4.85	0.11	0.00	0.27	0.01	-0.01	-0.01	0.04	
4.85	0.12	0.00	0.27	0.01	-0.01	-0.01	0.04	
4.85	-0.14	0.00	0.27	0.01	-0.01	-0.01	0.04	
