0.0
0.0
-1.0
0.3820399707354527
-3.7422201976469855
1.3743492477492758
0.9828217181516035
0.7096789703480804
-0.4849624244798214
0.6471118874309161
-3.5284607077084535
1.4269551428939633
1.0409848857344484
0.759573967264914
-2.445700537658232
-1.7848577872340088
1.6973798840614283
1.2387982283363312
0.9041198863823432
-3.3401373347451724
1.5622286336057556
0.1401810902958287
1.102310213193066
0.8045139066074993
-3.4128306608437846
1.509167054180467
-2.8985438737337077
-2.115484165692198
-1.5439729479907705
-1.1268590537681185
3.1775689239279927
2.319128933844209
1.6926018436557202
1.2353349403640177
0.9016015320927693
-1.3419717225866323
1.0205702745463912
0.7448568751774607
0.543629163374046
0.39676436792660663
0.28957600927904803
0.21134525156220096
0.1542490190026653
0.11257768834382009
0.08216412651952165
0.05996697734723977
0.043766525909706644
-3.9680572729368455
-2.8960619515903216
1.8863271745969876
-2.6232758292426976
1.0854184314799697
1.7921858997356779
1.3080157460933126
-2.0453528329397184
1.5072119403482098
1.1000292720560285
0.8028495309694517
-0.4140452570201809
0.6978116411598121
0.5092934915841436
0.3717046911668893
0.2712863598663233
-0.8020033354476102
-3.5853371524346613
1.3832639509497477
1.0095666019425629
0.7368259131296329
0.5377678156296675
0.39248649969266935
0.28645383372493693
0.20906655112969919
0.15258592364742984
0.11136388852990464
0.08127824226537061
-3.9406795797726284
1.1239194876986804
-3.1797143435467117
1.679305238339794
-2.774369503426291
-0.024856348048434285
-2.0181412512187062
2.527072144232436
1.8443679066202523
-0.6538995403299062
1.5227554824302292
-2.8886263703098964
1.8917539874055573
1.3806848963749974
1.0076842949819373
0.7354521230870699
-3.4632348364990895
1.4723795677514113
1.074607081290484
0.7842953029586051
0.5724130549225865
0.4177721123788265
0.3049083810729485
-1.7774645121256345
0.7027285672065045
-0.4871179204839917
0.6444800116487555
0.47036973307473584
0.34329642780818936
0.2505527653224622
0.18286437936898103
0.13346243135239888
0.09740672647105608
0.07109169423681827
0.05188583142626246
-3.962131448241667
-2.891737025247194
1.8894836952225593
1.379027937728
1.0064749740062404
0.7345695076851051
0.5361209921324797
-3.608715424206898
-0.6337985354803948
1.5374260759547838
1.1220808712421553
0.8189437536537421
0.5977010114307033
0.4362283703507357
0.3183785663058405
0.23236661889152987
0.16959133336637322
0.12377518117785247
-3.9096634528928824
-1.8534435847663353
1.6472757130119353
1.202253946476472
0.8774575745886555
0.6404069601597051
0.46739704174672525
0.3411268275084183
-3.7510307039790476
-0.7376664583778472
1.4616187176422826
1.0667533416833557
0.7785632998927641
-3.43177041190855
1.4953436825858497
1.0913672978522646
0.7965276429039063
0.5813407522459384
-3.575712063187435
-2.6097112374529825
1.095318464536172
0.7994113773640157
1.583445427928261
1.15566780941369
0.8434569718404878
0.6155918314513356
0.449285874207316
-3.6720914956159723
-2.680053167514287
1.0439798438359698
1.761942203954895
1.2859425725976679
0.9385371985002076
0.6849855442527675
-3.5000675555693954
1.445497436538072
1.0549873248127764
0.7699759455687589
0.5619621608816168
0.410144592282637
0.2993414829119203
0.2184725218323953
0.15945081293611096
0.11637418533343702
0.0849349762641074
-0.9380107351788114
0.31539869173203083
0.23019177594443363
0.16800403775127926
0.12261670333325281
-3.9105089607514474
1.1459393265752773
0.836356699072959
0.6104097414779375
0.44550375803070885
-3.6748518496134484
-2.68206779473238
0.04250948067545002
2.0310252804075395
1.4823311844370983
1.0818702069103665
-0.2104037499253284
0.846438130118087
0.6177676113016686
0.4508738536154162
0.3290674812907062
0.2401678570950665
-0.8247149813910672
0.3980868938553357
-3.7094587533843706
-2.7073254284759436
2.024075353584889
1.4772588235176398
1.0781681758021548
0.7868943456668855
-1.4256900499016947
0.9594689732828403
0.7002624700523734
0.5110822138271445
0.3730101789846305
0.2722391620405791
0.19869206130058625
-3.854985833309348
-0.8135374637636477
1.406244735662403
1.0263389849114088
-1.2509328673484443
-0.9129855825998563
1.333663143888745
0.9733657610229365
-2.2895950457405787
1.3289532785367761
-0.03007170494711886
0.9780523529459169
-2.286174565738099
1.3314496946190033
0.9717502888230776
-2.290774088090539
1.328092761801717
0.9693002522592176
0.7074377679426398
0.5163190604203258
0.3768322589400448
0.27502868335376895
-3.7992720238971307
1.2271249139488263
0.8956094957030967
-0.34634497297232425
-1.252777727073335
1.0856679579899637
0.7923680151089734
0.5783048737388805
0.4220722197426765
-2.6919532122792607
0.035294670085804114
1.0257595957161638
-3.2513557309535024
0.6270182167680511
1.4576253505514818
1.0638388075184184
0.7764361452371968
0.5666770974796957
0.4135857594701635
0.30185299740764737
0.22030553508589712
0.16078862627273605
-1.882649419913152
0.6259600156529306
0.4568530290410209
0.3334313453332127
-1.7566472038412728
0.7179219503433982
-3.476029124180876
0.46304173636333257
-2.662051865071053
2.0571179826023833
1.5013747810494884
1.095769057601542
-1.20025976008625
1.1239978699606175
-1.1796571367397384
1.1390345666292179
0.8313173029178103
0.6067317694981842
-3.557180586971624
-0.596186154652024
-0.4351227615409119
1.6824283554161088
1.227909884171455
-2.103817598656052
1.4645417942657621
1.0688867309992256
0.7801203408326112
-0.4306340152507415
0.6857044390124738
0.5004571253052941
0.3652555241286439
0.2665794753648578
-3.8054386258624415
0.22262425781058415
1.1624809316497409
-2.151570513217771
1.4296896262078675
1.0434500926393655
-1.2384444316652
1.096129024607
0.8000029595966147
0.5838771905458904
0.426139140549755
0.31101500460859643
0.226992369128296
0.16566897056082652
0.12091246904943898
0.08824721444299488
0.06440668128085125
-3.9529931837532084
1.1149324803239824
0.8137265449470004
0.593893264064719
0.4334493095889096
0.3163502860719909
0.2308862911622711
-2.8314890746312207
0.9334552877270923
0.6812765432431869
0.4972254530836002
0.36289690823237386
0.26485805420438435
0.19330500559683372
-0.8589175424510334
0.3731243671276383
0.272322501547432
0.19875288612196762
-3.8549414406912987
1.186494935912875
0.8659559586217647
0.6320125771928327
0.4612704534831824
-3.6633446248781487
1.3263306817592753
0.9680142090860562
-1.293500842678557
1.0559464450322595
-3.2293240464969832
1.643097904810646
1.1992047991127692
0.8752321733261699
-0.3612172351278131
-0.26363215522293526
-0.19241029084034977
-0.14042945554179997
0.8975084342025701
0.6550409554955543
0.4780775723380941
0.3489219464144435
-0.7453414848677626
0.4560171472348973
-3.6671787178105957
1.3235323928494216
0.9659718953078116
0.705008587296982
-3.4854538619841486
0.456163150022876
1.33292784141726
0.9728291050817273
-3.289986720745632
1.5988236288390154
1.166891493820994
-0.14835149181492824
0.8917265852392999
-3.3491788910541844
-2.444377408966518
2.2159863322244977
1.6173238591513925
-2.819606228006574
1.942127909521373
1.417449990514887
1.0345170705598896
0.7550358576608813
0.5510582305279605
0.40218642644783653
-0.7064667349875036
0.48438964195004797
0.3535287712109616
0.2580207775929715
0.1883148617342787
-3.862559567950986
1.1809348930552201
0.861897995880379
-3.370949101706425
1.539733738022699
1.1237651040675227
0.8201729805190983
0.5985981550225841
0.4368831450283288
-3.6811435504630934
1.313340246485744
-2.0414667794034136
1.5100481523820144
-2.8979007362092837
1.8849851490650607
1.3757447017593405
1.0040787246295544
0.7328206199627241
0.5348445772921657
0.39035299235082466
0.2848967066445658
0.20793009160276288
0.15175648572123723
0.11075852841183398
0.0808364239436159
0.0589979618697587
0.04305929598287683
0.03142655969428265
-0.977063520624883
0.28689625886510584
0.20938945236996265
0.1528215911118158
0.111535888964851
0.08140377571437085
-0.9405879599646729
-0.6864822797685406
0.49897517245073786
0.3641739300434468
0.26579008064050047
-3.806014760698395
1.2222037693794388
0.8920178289086476
-3.3489663286712803
1.555777728368235
1.1354747107580039
0.8287191642235721
0.6048355341114986
0.44143545741057455
0.32217892645070734
0.23514028813591192
0.1716156786347076
0.12525263699697398
0.0914148590589372
0.06671856702679513
0.0486941316973315
0.03553910953760209
0.025937998331631462
-1.981069313041175
0.5541288680251863
0.40442751215078054
0.29516890749145297
0.21542719358127105
0.15722819902921525
-0.8852479756199179
0.3539072640405996
0.25829701823353357
0.18851647424982154
-0.8624124223089078
0.3705736507731139
0.27046087706080435
0.1973941910545749
0.14406692415380373
0.10514634966841285
0.07674041014986344
-3.9439914883536993
-2.878497688206063
1.8991463431209672
1.386080161273524
1.0116219955534334
0.738326029388686
0.5388626661628075
0.3932855695532105
0.28703702989893376
0.20949219323455015
0.15289657589362182
0.11159061614205612
0.08144371800469585
0.059441191667804816
0.043382784497694615
-3.968337344222647
1.1037336401213178
0.8055531409908436
0.5879279559594544
-3.57090443347599
1.3937975812275374
1.017254506567248
-3.257563117436317
1.6224877943030576
1.1841626379861667
0.8642537454678925
0.6307702274964075
-3.5396362677254354
0.4166184577667469
1.3040663934206767
0.9517647565450318
-3.3053604046761107
1.5876032411217071
1.1587023635451246
-0.154328277676945
0.887364465204934
0.6476374427356628
0.47267416453995814
-0.6550216972017502
0.5219364832080089
0.3809321000669259
-0.7219790730674642
0.4730680583630411
0.34526578375820893
0.2519900875291974
0.18391340005310663
-2.8657719474176746
0.9084341459847041
0.6630150183706256
0.48389739259360987
0.35316950607595476
0.25775857016589576
0.18812349127242722
0.13730076150620008
0.10020810789059276
0.07313626506404525
0.05337804874390262
0.03895763729815016
0.028432989582212187
0.02075164082449632
0.01514545614922902
0.011053817088885864
-3.9919324402625698
1.0865129058462877
0.792984695053204
-0.42124504623455916
0.6925569197258641
0.5054583657872316
0.3689056484273223
0.2692434959101453
0.19650569298398235
0.14341845935621755
0.10467307166407469
0.07639499113833903
0.05575640972643736
0.04069346928717987
0.02969987577664046
-1.9783237301562346
-0.44386728536144915
0.6760462190255492
0.49340813344346035
-0.6398891387942829
0.5329808869601882
0.38899278953903593
-0.716096028928213
0.4773617615833592
0.34839951638162425
-1.745722777181947
0.7258950752795705
0.529790011525761
0.3866639489245278
0.2822042812157468
-3.7940349583714585
1.2309471536907592
0.8983991336354835
-3.3443089730562443
1.5591768704329736
1.1379555534789185
0.8305297918727561
0.6061570094538684
-1.557600072019632
0.8631952630481887
0.6299977006775448
0.459799908374654
0.3355821069092295
0.24492251613472682
-0.8212448230263014
-3.599380432618319
-1.6269854498572398
-1.187445223953528
2.1333504795548315
1.5570125954037461
1.1363759707930354
0.8293769432616287
0.605315610056385
-0.5582141621432202
0.5925908613144948
0.4324987590320175
-1.6843434673472588
0.7706923832820243
0.5624850484962245
0.41052621856004734
0.29962001047987474
-3.78132419655231
1.240224024246844
0.9051697999841126
0.6606325557197925
0.48215856702745175
0.35190043503785606
0.2568323465520459
0.18744749272144023
-3.8631926118370217
1.1804728699073852
0.8615607911559593
0.62880479152013
0.45892927103631376
0.33494667765612895
0.24445875204155687
0.1784167016311411
0.13021632138383854
0.09503757327492046
-0.9306374175065057
0.3207800618330605
0.23411933548428987
0.1708705426839474
-0.8752911958479999
0.36117415790689655
0.2636007155808384
-3.8076126551871354
-2.7789624439872522
1.9717915228139056
1.4390997944098833
1.0503180454468497
-1.2334318989714985
1.0997873904562878
0.802672995186418
-0.41417410056480986
0.6977176054991236
0.5092248602413276
0.37165460100766357
0.27124980187476666
0.19796998292934642
0.1444871622768602
0.10545305785206072
0.07696425921246686
0.05617188649411897
0.040996702425184495
0.02992118859876758
0.021837793632227154
0.015938178028910066
0.011632380228483896
-3.9915101795490937
-0.9131789097950112
-2.6664779547637147
2.0538876285344956
1.499017127199585
1.0940483385846331
0.7984843838281446
0.5827688674544707
0.4253302378262429
-0.6895753680193595
0.49671770120474434
0.36252632867768053
0.264587589018384
0.19310760826092643
-0.8590616116704384
0.3730192191027948
0.27224575991466615
0.19869687671800307
0.1450176811931403
0.10584025378759243
0.07724685176080293
-0.9436218650899058
-0.6886965565779626
-0.5026409037238162
-0.3668493412420508
0.7322572871155089
0.5344334323129774
0.390052920741744
-1.715322298755316
0.748082675615378
0.5459834938043251
0.3984826613737038
-0.7091699049195466
-3.517583249833109
-1.5672862841150543
-2.1438741586801484
-1.564693237241615
1.858018360472757
-1.643936841380523
2.8001829082430723
2.0436961012044046
1.4915789042861776
1.0886195977965687
0.794522251086617
-2.420122870514674
-0.7663116435525041
-2.5592877928172273
2.132119702379612
1.5561143203278425
-2.8642796296911435
1.909523304807327
1.3936537222999599
1.0171495120225886
0.742360252947476
0.5418070191671118
-0.6045655126965412
0.5587616160417932
0.4078086945126653
0.2976366424348038
0.21722825460042294
-1.8414573077739158
0.6560238228176383
-0.5212050880523282
-3.380398295855885
-2.467162697630104
1.1993566308326677
-0.12465701323622191
1.909019853242909
-2.6067137186969545
1.0975061849800571
1.801008071540147
1.3144545533826086
0.9593464905633313
-3.2998269231996122
-2.408358181795948
2.242274741428122
-2.3634897086915663
-1.7249782821938409
-1.2589646839154995
3.081152445971292
2.248759972968642
-2.3587565027371435
2.278476218769927
1.6629317146674198
1.2136803820316544
-3.1142029124009447
-2.2728816505870695
1.3411514461680998
1.9788310519251509
1.4442375510030745
1.0540678051813055
0.7693048398776678
0.5614723585617964
0.40978711310210514
0.29908057895262363
0.21828210269840564
0.1593118367140276
0.11627275440105223
-2.915139052471818
0.8724038710230575
0.6367185460053113
-0.5352949244119038
0.6093183246013334
0.44470719420306093
-0.6754332167749046
0.5070392624412818
-0.6299405439700463
0.5402418070932633
0.3942921269942561
0.2877716595946751
0.21002835815456233
0.15328789252990482
-2.8881237838417615
0.8921207970173235
-0.34889117803678715
0.7453639409770663
-0.4560007577830172
0.6671906795502416
0.48694497296688155
0.35539376368020914
0.2593819307615579
-3.8106917090809374
1.2187903276550438
-3.1104734503300406
1.7298402741384407
1.2625131785341956
-2.078562599216629
-2.5170260012741896
2.1629642084124736
1.5786259914538139
1.1521503736405356
0.8408897931913106
-2.386281807938782
-1.7416129542478265
-2.2711053959816536
2.3424478345579964
-1.2903789989331238
1.0582249032973712
-0.22766112788568194
1.8338429400143395
1.3384188781725097
0.9768367041479316
0.7129382005381455
0.5203335169821752
-0.6202378148755789
0.5473232836507531
0.3994604986705168
-3.708456236442667
-2.7065937477135478
-0.9753906337557838
2.2881172049547596
1.6699681285458512
1.218815864991528
-0.11045481206364283
-1.0806147584535344
0.21132003118286224
1.154230612065903
0.8424080422838909
0.6148262767302688
0.44872713884967297
0.32750071485404497
0.2390243623438213
-3.82554955393202
1.2079464218855058
0.8816121924050133
0.6434391821650207
0.469610090141531
0.3427420071321947
0.25014812483607773
0.1825690550235679
0.13324689071341567
0.09724941547460375
0.07097688178325345
0.051802036270228946
0.037807394384225645
0.027593491936646508
-3.9798610613172682
1.0953231267836592
0.7994147800763827
0.5834479113767452
0.42582583381478223
0.3107863396342969
-3.7731745205827583
1.2461720146284803
0.9095109038159972
0.6638008833851128
0.4844709512927414
0.3535881143296429
0.25806408879951004
0.18834647214932687
0.13746350271407692
0.10032688355023467
0.07322295274141588
0.0534413172067385
0.03900381339273551
0.028466690918005355
0.020776237535075737
0.015163407905654402
0.011066919066798242
0.008077122134622527
0.005895037415908355
0.004302456438784574
0.0031401211055399614
0.002291797882849167
0.0016726544484431116
0.0012207764588811898
-3.9991090238847917
-2.918724879130375
1.8697867777110053
-0.635347735163085
1.5362954021898014
1.1212556560183833
0.8183414754488032
0.5972614424241041
-3.5640924463581847
1.3987692677102777
-2.9791169389368024
1.8257100080090072
1.3324831082691477
-0.02749548064379681
0.9799325942505215
0.715197716698249
0.5219826108158019
0.3809657660149348
0.27804549781556176
-1.7970702206022553
0.6884194626629867
-0.4975613315487575
-0.363142047043735
0.7349630327569141
0.5364082039616127
-0.6085058044375282
-3.4441141814087786
-2.5136653409059804
2.1654169655062203
1.5804161209824725
1.1534568885569723
0.8418433449871694
0.6144141359160837
0.44842634043660556
0.32728117900078857
0.23886413546505114
0.1743335054758175
0.1272362260341664
0.09286256919593239
0.06777516927729099
0.04946528628637825
0.03610193192410449
0.02634877075424047
-3.9807695133401992
1.0946600987179105
0.7989308731612415
-1.4169052650793033
0.965880493915507
0.7049418785585821
0.5144974510575162
-0.6244972313377977
-2.4557854249952493
1.2076602625910589
0.8814033408215449
0.6432867531341859
0.46949884076024606
0.3426608124623307
-0.7499111345893521
0.4526820167716732
0.3303871579382225
0.24113101489859368
0.17598797334882565
0.12844372913393887
0.09374385783244676
0.06841837231419934
-0.9500652759726282
0.3066007600149234
0.22377066013232483
0.16331762626295898
0.11919635501988957
0.08699471927880875
-2.9365074445343913
-0.14319171718610235
0.895492414700291
0.6535695761850704
-0.5229963047116435
-0.3817056042078786
0.7214145358750983
0.5265199176739426
-3.6157227087598187
1.361087241417008
-3.006618931751035
1.8056378493923897
1.3178335679884823
-3.038187356616577
1.7825978306032768
1.3010179533968875
-1.0504601284698127
1.2333282005597908
0.9001369259020882
0.6569593438345951
-0.5205223038494395
0.6201000299532256
0.45257615487957015
-2.6696901047061283
0.05154326085248773
1.0376185287530677
0.7572994376573119
0.5527102903272878
0.4033921720299922
0.2944132709356948
0.21487569693496855
0.15682569262773782
0.11445825758328176
0.08353664829715335
0.060968703840741156
0.04449762976840255
0.032476318672904014
0.023702639444695528
0.01729922416095775
0.01262573129331468
0.009214811555003699
0.006725372972193
0.004908471686601246
0.003582417569670149
0.002614605209704912
0.0019082533707113214
0.001392726868789218
0.0010164730537445266
-2.9992581334559247
0.811010082303742
0.5919106706788533
0.4320023261218511
0.31529421417703407
0.23011552364992038
0.1679483854877981
0.12257608587445645
0.08946139484856008
0.06529284330752017
-3.9523464239027684
-2.8845954860167637
1.8946959032675648
1.3828320353920796
1.009251371055802
-3.2634041561748948
-2.381775251536511
2.2616761279482214
1.6506702727412055
1.2047314448083104
0.8792657613562467
-0.35827334596019256
0.7385164239989912
0.5390016244864322
0.39338698742251577
0.2871110491008517
0.20954621568927223
-1.8470639961533797
0.6519318161319152
0.47580838628711764
0.3472657950710305
0.25344978336204704
-3.815021250010733
1.2156304391019859
0.8872203246383314
-0.35246775736148894
0.7427535967741843
0.5420940987156335
0.3956440105286454
-2.7112416766054777
1.021217104214779
0.7453289598415864
-3.4560262885474486
1.477640681695342
-1.9215531273789028
1.5975663864238894
1.1659739032541427
0.8509788104098108
0.6210815986064597
0.4532925466637545
0.330832749387425
0.24145622704983705
-0.8237746725827657
-1.6012268276020034
-3.1686454535097983
-1.3126162010252882
2.0419952194850497
1.4903375263289655
1.087713585805778
0.7938610038631682
0.5793945223068757
0.42286749298127013
-3.691372787046208
-2.6941254982917373
2.0337092406335593
1.4842900561356425
1.0832998772512896
-0.20936031390793453
0.847199675413691
0.6183234204050434
0.45127950743690004
0.3293635452124466
0.24038393750923692
0.17544272355695245
0.12804578196036243
0.09345341855980838
-3.931793602984764
-2.8695951373412436
1.905643814568152
1.3908223004477938
0.015083016372213987
-0.988991754194501
1.2781905116909758
0.9328794050022653
0.6808562388137815
0.4969186965066763
0.36267302385023825
0.2646946535788235
0.19318574866529215
0.14099541861828957
-3.897095369566884
0.15572915277782418
0.11365795478538665
1.0829525522714882
0.790386193113096
0.5768584532660137
0.42101655874553234
0.3072763200996045
0.22426371346363716
-1.8363225218259664
-3.3402285855548817
0.5621549159039994
1.4102852733383529
1.0292879462348998
0.751219413754936
0.5482728226504667
0.4001535138110439
0.2920495563527252
0.2131505545296788
0.15556660815960122
-3.886460677394517
1.1634908167984834
0.8491665451847616
0.6197589280895173
-3.5476727961967764
1.410753047383822
1.029629348216233
0.7514685838702668
0.5484546779113284
-3.5997137602564777
1.372771273036638
1.0019085861468477
0.7312367578717422
0.5336886053838104
0.3895093134342602
0.28428095282813626
0.20748068750482584
-2.8485715090680017
-3.079012220932702
1.7528020569809692
1.2792716931061676
-0.06633150145801725
0.951588365703639
0.6945108575640173
0.5068844351807957
-3.630053543684345
1.3506279705686497
0.9857474343919392
-0.2805583583455782
-3.2047637750460094
-1.3389769336361148
2.0227560025385256
1.4762959033520913
1.0774653945008659
0.7863814250997265
0.5739355982085605
0.41888333113825116
0.30571939718176644
-0.776872597056542
-1.5669956391288613
0.8563379667575752
0.6249929455764844
0.4561472189530411
0.3329162142249036
0.24297683091925482
-1.8226648692944671
-3.330260632694352
1.569429964379614
1.1454387104049708
0.8359913274708246
0.6101430772837606
-1.5546908651749272
0.8653185295921775
0.6315473535752156
0.46093091291577437
0.3364075635479109
0.2455249705348379
0.1791948745752494
0.13078426607318594
-3.904547915821558
1.1502899581881105
0.8395319805300208
0.6127272009249323
0.4471951414123385
0.3263825960409772
-3.7617916897262855
1.254479703020393
0.91557421858254
-0.3317738439970581
-3.2421430791047197
1.6337420134920748
-0.8076235400484939
1.4105609761493731
1.0294891662188919
0.7513662729103006
0.5483800068927387
0.4002317415644514
0.29210665039260864
0.2131922242600277
0.15559702055344893
0.11356151890221522
0.08288216914120294
0.06049103629431052
0.04414900707684932
0.03222187856707315
0.023516937914005
0.01716369105233717
0.012526813295901995
0.009142616869057818
0.006672682129119423
-0.9951299843979067
0.27371056250691783
0.1997659537907932
0.14579794045374683
-1.8935902788379249
0.617974897729896
0.45102514032742125
0.32917789695768995
0.2402484432837264
0.17534383393813524
0.12797360798635893
0.09340074283321709
0.06816795196339775
0.04975195628991802
-3.9636888437545696
1.1071263193120555
0.8080292668233158
0.5897351410169085
-3.5695854706878087
1.3947602180252643
1.0179570810542922
0.7429496521887504
0.5422371885420834
0.3957484437496239
0.2888345433321282
0.21080409724784488
0.15385406088834497
0.11228943061768071
-3.9180462565912153
1.1404382780273372
-3.167658207037947
1.6881043346795437
1.2320524623784186
0.8992058363151356
0.6562797938833667
0.47898173083993356
0.3495818408804947
0.25514013500910515
0.18621244263862557
-2.864094005467991
-3.090341218506479
1.7445336584760271
1.2732370538195656
0.9292641545450611
0.6782176707250631
0.4949929539775715
0.36126753262783584
0.2636688645408851
0.19243708290802175
0.14044900956596162
0.10250583718049722
0.0748132485130828
-0.9453980153030228
-1.6899928687777894
0.7665692027413078
-1.4405242292087488
0.9486423396636043
0.6923607187590335
-1.4946848302696347
0.9091135614180184
0.6635108855041887
0.4842592981407776
0.35343364059144555
0.25795134710125645
0.1882641883211944
0.13740344837325047
-0.8997169467373674
0.34334717534992
-2.7494101968994427
0.9933600467761767
-3.2750023404855124
-0.39024011430918293
0.7151856766929425
0.5219738234927198
-0.6190406473582306
-0.451802971073362
1.6702544081041708
-2.7809751956511644
1.9703225285149544
0.4380276580459981
1.319691765253284
0.9631688371142557
0.7029627926866535
0.5130530275277163
-1.6255514348784486
-0.18639861702917404
0.8639581272455406
-3.3694455276268336
1.54083111222468
-2.8754339841879095
0.9013823684672806
0.657868322354271
0.48014110847668867
1.3504280054467745
0.9856014910898967
0.7193351258420071
0.5250022731783197
0.3831696478324629
-1.720346012730146
0.7444161491775141
0.5433075022596414
-1.603470394432267
0.8297170931758826
0.6055638663583363
0.44196702617662176
0.3225668886125712
0.235423439909777
0.17182233519795975
0.12540346400593982
0.09152493921451299
0.06679890834453772
-3.9512472316909832
1.1162067525909665
0.8146565646454436
0.5945720331644644
0.43394470499993254
0.3167118473353936
0.23115017440439356
0.16870351891383262
0.12312721531465609
0.08986363324694402
0.06558641450392688
0.047867837211303055
-1.9650639563601908
0.5658102781755812
0.4129531167856255
0.3013912670742327
0.21996854407026323
0.16054267547332124
0.11717107442370978
0.08551658081647062
-3.9375862547091227
1.1261771317809424
0.8219333839625316
0.5998829745403738
0.43782086257225306
0.3195408368613579
-0.7667851051634003
0.4403666541671427
0.3213988670427579
0.2345709666226483
-3.828799837135196
1.2055742228800108
-3.120119142303352
1.7228004257695195
1.2573751889327731
0.9176874709893044
0.669768500144766
0.4888263793147045
0.35676689641611325
0.26038410315913385
-0.809960279781933
0.4088555211704499
0.2984006623682349
0.2177858698028432
-1.8410503357822634
-0.34367915120231185
0.7491679063857664
0.5467755427407788
-0.6009392666301316
0.5614082092075874
-3.5902597059055763
1.379671255877271
1.0069444957612759
0.7349121852214084
0.536371093203682
0.39146711050632366
0.28570983885959755
0.20852355109883103
0.15218961844794787
0.11107464764185959
0.08106714159995754
0.05916634971805124
-1.956817807192051
-0.42817132107807154
0.6875018210564567
0.5017689334249882
0.3662129391360196
0.2672782387606514
0.19507136226134936
0.14237162198818254
0.10390904391383415
0.07583737023086812
-0.9446505664290106
0.3105526521398527
0.2266549240510578
-0.8345773116326303
0.39088893339206
0.28528785988431427
0.20821557236499988
0.15196484208218575
0.11091059600759046
-0.9190525904662463
-3.670764824115065
1.3209150954395366
0.9640616770515225
0.7036144263686603
-3.486471381677336
1.4554205195955046
1.0622296253413257
0.7752616936212791
0.56581993126336
-3.587039837968222
1.382021256489943
-2.9913403708894677
1.816788812128745
1.3259720288732622
0.9677524485051059
-0.2936918870125407
0.7856508006402017
0.5734023564853219
0.4184941479789739
0.30543535427052415
0.2229200959891262
-3.8373031526933596
-1.80063186915861
1.685820015588635
1.230385266279816
0.8979890435989786
0.6553917252780392
0.4783335794849046
0.3491087916402593
-1.74520511704036
0.7262728863182701
0.5300657545654426
0.38686519826915866
0.2823511617997907
-1.7939277584895983
0.6907129691153386
-3.495887430111476
1.448548275137132
1.0572139604128825
0.7716010417299213
0.5631482272199531
0.4110102354319789
-0.7000267328127965
0.48908983753279145
-3.6430408202399844
1.3411492874498112
0.9788294763980172
-1.2856073870139744
1.0617074346159217
0.7748805759641249
-2.4344582250912596
1.2232257869591576
0.8927637420905628
0.6515780714310244
-3.524449792085412
-2.572297787323819
2.122624438705392
1.549184261118572
1.1306625096436091
0.825207009133007
0.6022722095357063
0.43956463089197584
-3.6791864846625577
1.3147685988032243
0.9595756946627576
0.7003403599885676
0.5111390613132336
-1.6269483312307766
-1.18741813315458
0.13337025160615879
1.097339449655871
0.8008863807995281
0.584521950023138
0.4266097142490617
0.3113584498998909
0.22724303054071004
0.1658519142355992
0.12104598935404987
0.08834466340790392
0.06447780380254997
0.04705872457744942
-3.9656544821899047
1.10569171031032
0.8069822263550064
0.5889709650351937
0.42985680021890005
-0.6862716845755035
0.49912887404418527
0.36428610819664975
0.2658719531687792
0.19404499345778792
0.14162253309257355
0.10336232603661788
0.07543835158432355
-3.9449417877095385
1.1208087417122155
0.8180152978186213
0.5970233837068895
-1.5642661920341538
0.8583300367646718
-1.3735531545033197
0.997520762521642
-0.2719656679445164
0.8015075466665147
0.5849753040725556
0.42694059188585154
0.3115999388877331
-3.7725807202216117
1.2466053961334516
0.90982720461529
0.664031733558657
0.4846394358578907
0.35371108174291344
-2.7418461641977734
0.9988806090566911
-2.2709731923981042
1.3425443225222184
0.9798476340798352
-3.2848642909545642
1.6025622024021495
-2.8303799314874913
1.934264788960688
1.4117111408183667
1.030328606757882
0.7519789333731852
0.5488271533258073
0.4005580886110103
0.2923448327573137
0.21336606017934923
0.15572389361931904
0.11365411642122147
0.0829497508652457
0.06054036039579458
0.044185005965922564
0.03224815213264254
0.023536113512627743
0.01717768624387528
0.012537027599510253
0.009150071715096075
0.006678123002192393
-1.9951260134104931
-0.4561303274209427
-0.33290388604512877
-3.242967833273828
1.633140071785018
1.1919371365357954
0.8699279149401518
-0.3650885151614762
0.7335424150923915
0.5353713749838551
0.39073747237370426
0.2851773170009233
0.20813489332823565
0.15190595898837067
-3.889132379452657
0.16154089164762064
-2.882100383702268
1.8965169381925442
1.3841611064200405
1.0102213852895412
0.7373038026879959
0.5381166003552496
0.3927410580580286
0.2866396215666107
0.2092021472318546
0.15268488762028287
0.11143611677074006
-1.9186690424017296
0.5996713179289141
0.43766638630916255
0.3194280933203286
-3.766867390336473
1.250775234459648
0.9128705352151645
0.6662528894921964
0.4862605327184486
0.354894229216546
-3.7409826513637023
1.2696670504062486
0.9266586097302545
-1.3236839699727136
1.0339174770703314
0.7545982480771247
0.5507388438916312
-0.5980466759046994
0.563519348580142
-3.588718903948645
-0.6192041993857265
1.5480776614953347
1.129854864782644
0.824617554548218
0.601841999768614
0.4392506449658713
0.320584354659716
0.23397649981953172
0.17076629496130113
0.12463271959919986
-0.9090375838029798
-0.6634554337138168
0.5157811730039663
0.3764396851505021
0.2747421658120883
-3.799481136945116
1.2269722940897383
0.8954981070469952
0.6535737307089526
-3.522993272558195
1.4287652444054082
-0.9572245616770183
1.3013755998161383
0.9498008975476235
0.693206285033872
0.5059323010235071
0.3692515471154927
-2.7305040520809722
1.0071585791293933
-3.26493156736223
1.617109976896495
1.1802376713582987
0.8613891329559316
0.6286795078491592
0.45883783352730134
-0.6651200574418255
0.5145662577165071
0.3755529867748484
0.2740950145106744
0.20004654369756736
0.14600272725421792
-1.89344081646371
0.6180839819152757
0.451104754742504
0.3292360030439827
0.24029085164985986
0.17537478542072282
0.12799619773365833
0.09341722981995915
-0.931820015111744
0.3199169503170216
0.23348939890584663
0.17041078738525606
-1.8756267453968078
0.6310854710247309
0.4605938108054586
0.3361615316667317
0.24534540569467822
-1.8209361797079069
-1.3289989593379987
1.0300383650981102
0.7517671023007448
0.5486725497334541
0.40044525213950877
-3.707737520240485
-0.7060691971579587
1.4846797824654874
1.083584316592197
0.7908472823781265
0.5771949764018682
0.4212621680657982
0.30745557653630673
0.22439454266044656
0.16377296305063016
0.11952867974587722
0.08723726441571245
0.06366957552711927
0.04646884419123687
0.03391499727447833
-0.9752473499148318
0.28822177977601804
0.21035687557282579
-3.846472341073083
1.1926760556602694
0.8704672104730786
0.6353050863331964
0.4636734708266328
-1.6615907975972668
0.7872982779623925
0.5746047575750044
0.419371712945118
-0.6939241603902566
0.4935437621069845
0.360209848943283
0.26289692067390913
0.19187368447192554
0.1400378167171361
0.10220573063405869
0.07459421761438811
0.05444212635615564
0.03973424773353962
-1.9710002061157228
0.5614777431667273
0.4097910430225653
0.29908344718066004
0.21828419605682026
0.1593133645386633
0.11627386947437124
0.08486176135751755
0.06193582937641562
0.045203480332954626
0.03299147932278945
0.024078626244902424
0.01757363579150706
0.012826008917261156
-3.9906390170652575
-2.912543097267733
1.8742985128030183
-2.632054873332498
2.0790111006853054
-2.482646662714931
2.18805575509991
0.5969389009381723
1.4356721487418937
-2.9521836004518374
-0.15463286220418215
0.8871421660797694
1.6474751991000551
1.2023995401587042
0.8775638352332233
0.6404845138310655
0.46745364381201426
0.34116813817416514
0.24899944635373128
0.18173069916867046
-0.8673649780995225
0.3669590586939746
0.2678227894852272
0.1954687992250017
-0.8573383111127235
-3.6257230406900787
1.3537885612784866
-3.0119458281116707
1.801750047173576
1.3149960796896094
0.9597417201746037
0.7004615326770587
0.5112274984472203
0.3731162140621027
0.27231655108319686
0.19874854321260926
0.14505538966328313
0.10586777508028611
0.07726693800531681
0.0563927947308791
0.04115793092953002
0.030038860221133667
0.021923675534850418
0.016000858402051676
0.011678127109458813
0.008523208527812187
0.006220610798946424
0.0045400741499754815
0.003313544916001554
0.002418370173628226
0.001765032448616921
-3.998711802031532
1.0815650307717362
0.7893735191656077
-3.4238806405239606
-2.4988980167793544
2.176194805287316
1.5882822603961482
-2.840802058455405
-2.0733417356659283
2.486784413556955
1.8149641566489638
1.3246403154058695
0.9667805057033618
0.7055987465711908
0.5149768620961392
-3.6241473361692993
1.3549385794349025
0.9888935054960246
-3.278262217893251
1.6073806844147192
-2.8268631923224095
1.9368314591947913
1.4135844091449008
1.0316958000095005
0.7529767708750503
0.5495554188281044
0.4010896086639697
0.292732759366233
0.21364918600511817
-3.8440694687554844
1.1944297770949341
0.8717471531682763
-3.363760755441554
1.544980107891031
1.1275941345261487
0.8229675746138811
0.6006377721630018
0.4383717469284223
-0.6800571036133141
0.5036645473552595
0.3675964411877173
0.26828797913894675
0.19580831500407037
-3.8570905176303985
-2.8150735545413372
1.94543605309359
1.419864418551306
1.0362792258641527
0.7563219557634149
0.5519968812390186
0.402871494838525
-0.7059667420781173
0.4847545586690716
0.3537951034115254
0.25821515849513155
0.18845672942825153
0.13754397330419632
0.10038561451055994
-0.9267341828320195
0.32362881341384053
-3.7638015208705573
0.2530128402445593
1.1846598497692042
0.8646166323991267
0.6310350782689627
-3.5394429680343062
1.4167595363455652
1.0340131468734226
0.7546680720886227
0.550789804512684
0.4019905173880156
-3.7066097179978525
1.2947539223030642
0.9449681073477176
-3.3103208968728577
1.5839828567058518
1.156060048468576
-3.1562567549218414
1.696425613682126
0.2381256961677365
-1.8262054398582368
1.6671553038732512
1.2167629423771364
0.8880468751187358
0.648135495372208
0.47303766516290224
0.3452436014698863
0.2519738979238584
0.18390158417021674
0.13421942883359694
0.09795921638033711
0.07149492556511117
0.05218012730639554
0.038083341778319735
0.02779489042807537
0.02028592812063934
0.01480555862526689
-3.989194255007579
1.088511353345388
0.7944432495463225
0.5798194707018904
0.4231776389276467
0.30885357104616773
0.22541486026930624
0.16451763551937493
0.12007217432138084
0.08763393055552537
0.06395907984522164
0.04668013711944052
-3.9659307918943965
1.1054900473888978
-3.1931649560754893
1.6694883923391446
1.2184657325011226
0.8892896459132134
0.6490425239166253
-3.5263003456883
1.4263515976245142
1.0410138532132103
0.7597774941232274
0.5545188844455673
0.40471216321246306
-1.704623341699394
-2.244108757037905
1.3621511637914359
-3.0058424346150074
1.8062045710036179
1.3182471862360354
0.9621145200920562
0.7021933059572829
0.512491422418238
0.3740386811210179
0.27298980793589767
0.1992399155443687
-3.854585985292724
1.186754362827481
0.8661452997438639
0.6321507666346333
0.46137131018886635
0.33672898476198565
0.24575955781130343
0.17936608664175147
0.13090922413637518
0.09554328404463597
0.06973167235736089
0.050893227905821625
0.03714410624486497
0.027109395208394282
0.01978562369276382
0.01444041454640832
0.01053924685469454
-3.99230799615155
0.08623880871362122
-0.9370591411647742
-2.683906793288004
2.0411672990032503
1.4897332737082603
1.087272575784096
0.7935391354383414
0.5791596086364201
0.4226960426981421
-3.691497918970322
1.305783174950752
-3.0469822611196697
-2.2238210758154873
-1.6230419980928548
0.8154328798204924
-1.404861378027396
2.974670650065261
2.171044895677874
1.584523630858274
1.1564547291245022
0.8440313003031799
0.6160110015121765
-0.5504081971276102
0.5982879963914858
0.4366567776780865
0.318691236732497
-0.7674051805398436
0.4399140960054746
0.3210685702796976
0.2343299015818907
0.17102422304227183
0.12482096680688137
0.09109980725217781
-3.933511371577307
-1.8708488400779535
1.6345725955419628
1.1929826551011478
-3.1293090198295523
1.716093250743362
-2.7475200010959577
1.9947395944416977
1.4558483019369524
0.06254183962590165
1.0456457731490847
0.7631580721155329
0.5569861782935348
0.4065129023008902
0.2966909165383349
0.21653802242961184
0.1580389305638512
-0.8846562682455241
-3.6456608820078094
1.3392370516440515
-0.022566157026252753
0.9835302304724598
0.7178234291467769
0.5238989707357717
-0.6176355906016573
0.549222500872391
-0.599153369437964
0.5627116351795269
0.4106915914433289
0.2997407068514626
-3.781236107055257
-2.7597116841809326
-1.0141584297247008
1.2598227698874176
0.919473822744993
1.6710722578770678
1.2196217069252064
0.8901333266658664
-3.3503417209268873
1.5547739068742397
1.1347420778762212
0.8281844566658254
0.6044452811220111
0.4411506336903992
-3.678028950372174
-0.684386581985394
0.5005047044595612
1.3652902494788304
0.9964486075743402
0.7272518264272829
-0.4692197720770448
0.6575428640825649
0.4799035747787892
0.35025464295289144
-2.744368824577716
-0.0029605389511679903
0.9978392690369784
0.7282667920571795
0.5315209942830981
0.38792729593732744
0.28312632718528974
0.20663799115178083
0.15081345423344938
-1.8899297372615367
0.6206465212606087
-1.54702499183447
-3.1290865803697105
1.716255596801362
1.2525984861660007
0.9142012241472397
-3.3327759154567964
1.5675942008800572
1.1440988898183466
0.8350134677384702
0.6094293924324408
0.44478825636965613
0.3246259459438372
0.23692623011240155
-0.8270808627077946
0.3963601700728736
0.2892810079891861
0.21112994670441765
0.1540918800900899
0.11246300148477228
0.08208042302793128
0.05990588687388332
0.04372193940722369
0.031910185881286246
0.02328945094347823
0.016997661100018213
-3.987594362633441
1.0896790248563262
0.7952954673451558
0.5804414565685008
-3.5763684085513034
1.3898097329603312
0.014344000281429015
1.0104688795023122
0.7374844348017842
0.538248433581435
0.3928372757192289
0.2867098454289465
0.20925339968155843
0.1527222939023254
0.11146341751332578
0.08135088287565839
0.05937343652555693
0.04333333382801108
-3.9683734354867344
-1.8962927008635821
-0.38399744819843074
1.7197418477752349
1.2551429047831384
-3.083941747730644
-1.250795727530921
2.087114508044068
1.523267558808536
-2.8882526345461423
1.892026756131135
1.3808839749349553
1.0078295912322717
-0.26444183334718474
0.8069987706102832
-2.411016960242864
1.240334248494631
-3.094749753533339
1.741316116571927
1.2708887508478157
0.927550260208486
0.6769667955900056
-3.505919989469475
1.4412260740106673
1.0518698974053056
-2.232299289459525
1.3707702303446196
-0.9995518624317015
1.270483282292092
0.9272543315018096
0.6767508138617089
0.49392237760777835
0.3604861791146261
0.2630985985329364
0.19202087780453958
0.14014524485659763
-1.8977158636056846
0.61496386531475
0.4488275570233746
0.3275740044343358
-0.7609221477112689
0.4446456972436419
0.32452190005127424
-0.7631497071359661
0.4430199268348405
0.32333534161748734
-3.764015709438116
1.2528565160490381
-2.085610454345474
1.4778301654403947
1.0785851661553751
0.7871986834858928
-3.4254679308350005
1.499943509247177
1.0947244527675015
0.798977841564577
0.583129014518109
0.4255930889234527
-3.6893835277788583
1.3073263502275148
0.9541440157700691
0.6963760828896302
0.5082457582981554
0.3709400095364952
0.2707282617284843
0.19758934009332307
0.14420935246749256
0.10525030008841263
0.07681627771817379
-2.9439361168802485
-1.148613487551767
0.1616915811498938
1.1180095960949021
0.8159723587777581
0.5955323573383904
0.43464559163286154
0.3172233850906192
0.2315235170574379
0.16897600073000074
0.12332608447556392
-3.9099912233313168
-1.8536828059847585
-1.3528988811083194
2.012595155657288
1.4688800723736963
1.0720529963274745
0.7824312199139998
-3.428947434508074
0.49740401510561405
1.3630272306149358
0.9947969573141098
0.7260463797446937
0.5299004401497474
0.38674454456977525
0.2822631034467813
-2.7939920273315346
0.9608222747719228
0.701250168737646
0.5118030795771338
0.37353629837433466
0.27262314700896884
0.1989723103444998
0.1452187047144804
-3.89401303044409
1.1579787788395004
0.8451436185204706
0.6168228200534873
0.45018430359185313
0.32856421748940523
0.23980055313589688
0.17501694409597857
0.12773502946565785
0.09322661778190344
0.06804086787633867
-1.9503407952415923
0.5765558858596034
0.42079573180347385
0.30711515092769126
0.22414608514467904
-3.8364083721238664
1.2000211808817722
0.8758280044890174
0.6392176285451647
0.46652901545582814
0.34049330391207455
0.24850692275952824
0.18137123388293563
0.1323726683946358
-1.9033886302541996
0.6108236318148288
0.4458058333220558
-0.6746313818385117
0.5076244766887124
-1.6295134289868347
-3.1892902538177808
1.6723163197127802
1.2205296777280488
-2.1092039964838776
0.46061056527073596
1.3361737598091379
0.9751981184568113
0.7117422889501661
0.5194606883385369
-3.620874843439238
1.3573269879256333
0.9906366705964977
-2.2769899796729884
1.3381530077051544
0.9766426602388849
-0.28720342120349596
0.790386367105417
0.5768585802532282
0.4210166514263616
-2.6927236122578675
-2.9652676015529567
-2.164182139131699
2.420485109376389
-1.2334239786644545
2.099793171043184
1.5325210022402134
1.1185009336612648
0.8163309584484422
-2.4042059209195363
1.2453052432354594
0.9088782960990729
0.6633391785725946
-3.515866021096625
1.4339670246110638
1.0465719252932884
0.7638340185048422
0.5574795135668795
0.4068729599856056
0.29695370240289165
-2.783270184939532
0.9686475448390173
0.7069613934865417
0.5159713814827196
-3.62342149237283
1.3554683320209078
0.9892801421301654
-3.2779800335475606
1.6075866349065286
1.1732871193646996
0.8563163157593401
0.6249771437299163
0.4561356860734831
0.3329077970243981
0.24297068767775265
0.17733064709888335
0.12942367122990195
0.09445906248391012
-0.9310596400136895
-3.6795280946410163
1.3145192768824838
0.9593937286076608
0.7002075531936045
0.5110421330989086
0.37298092631410373
0.2722178121607097
0.19867647922338616
0.14500279420840112
-0.8941706113857446
-0.6526048662468211
0.5237003922674202
0.3822194781367605
0.2789605118197773
0.20359759668477206
0.1485944412182434
0.10845072987353888
0.07915209151618896
0.057768662310458296
-0.9578379006642272
0.3009279581663069
-0.7803695990581705
0.43045209568317677
0.3141627881211999
-3.770710240628657
1.2479705540451906
0.9108235566369869
0.6647589148924826
0.48517016463722573
0.35409843084569115
0.2584365401387272
0.1886183034456348
0.13766189709710552
0.1004716804582877
0.07332863186529881
0.053518446458839186
0.03906010569826446
0.028507775507515376
-0.9791937771324823
-3.714658495614086
1.28887957195783
-3.0593192507610407
0.7671748489305532
1.5599177979002752
1.1384963147883829
0.8309244631553279
0.6064450578378064
0.442610158304066
0.3230362746007307
0.23576601835747013
0.1720723639499555
-1.8744140540625631
0.6319705462619476
-0.5387602225306329
-1.393210801704634
0.9831737508225444
0.7175632546886916
0.5237090840237073
0.38222582176109476
0.2789651416745924
0.20360097575554814
0.14859690741205878
0.10845252980977627
-3.920846594811529
-2.8616055314274176
1.9114749788139518
1.3950781394501464
1.0181891140313555
0.7431190000157013
0.5423607860016162
0.3958386505876925
-3.7110996197674613
1.2914769953872094
0.9425764625940296
0.6879335760602538
0.5020840471325032
0.3664429229180026
0.26744609099530336
0.19519386817213302
0.14246103216617723
0.10397429937683889
-0.9241150034748165
0.3255404051976898
0.2375936425183225
0.17340624409078753
0.1265594700723307
-0.907631356938893
-2.662429107772363
1.0568426543602158
-3.2286699536861114
1.6435752903855199
1.1995532160091331
-1.1245135367663401
1.179280780524837
0.8606907521252127
0.628169798938111
0.4584658256448195
0.3346084349160101
0.24421188767880153
0.17823652920947364
0.1300848236610923
0.09494160047882172
0.06929253734443197
0.05057272794448586
-0.9630898086610111
0.29709488573903187
-0.7831671431586633
0.42841032549941804
0.31267261483579745
0.22820216565575713
-3.8334480669587068
1.2021817412175277
0.8774048760289457
0.6403684984432569
0.4673689707018953
0.3411063400307226
0.24895434336262223
-1.8183022189692162
0.6729234205453087
0.49112897837107994
0.35844743403395896
0.2616106331002346
0.1909348954765333
0.13935264740048492
0.10170566406448511
-3.9257707528650663
-2.8651993975945533
1.908852017916503
-1.60683621226736
1.8272605719369683
1.333614777720066
-2.0266695387248292
-0.47915217342728056
1.650293762655898
1.2044566512613808
0.8790652049930019
-3.3584197207760766
0.5488782288638081
1.4005953657751453
1.0222158273923547
0.7460578717487989
-3.455494296719876
1.478028952626031
0.07873024974797094
1.0574607837163512
0.7717811841847233
-3.4367202969284323
1.49173103975214
-1.9112693670786447
1.6050719249976337
1.171451773958748
-0.14502319968426303
0.8941557185759423
0.6525939968220991
-1.523708325249534
0.8879309438971648
-0.35194911630970527
-3.256867876275903
1.622995211745236
-1.8154670265456714
1.6749926681237821
0.2224829939906856
0.16237783112830062
1.1185104513787456
0.8163379048954233
0.5957991489016425
0.4348403077980256
-2.6826345025257883
-2.957904127487253
1.8411920466741996
1.3437825780165014
-0.019248632839546254
0.9859515048920935
0.7195905812413006
0.5251887157146369
-1.616694278240562
0.8200657237234674
0.5985198743165583
-3.5631739876586943
1.3994395990867528
-2.9786277017456944
1.8260670747338592
-2.6672562887997717
1.0533195662731902
0.7687587423585436
1.5610737926797515
1.1393400103972922
0.8315402291545615
-3.393105529172712
1.523563007069313
-2.888037003468301
1.8921841331338247
0.3809988355627629
1.2780696334196202
0.9327911827467963
0.680791850348653
0.4968717029853744
0.3626387259206343
-3.7353303785520433
1.273792326606645
0.9296694169394275
0.6785134489661537
0.49520882588949444
0.36142508540178486
0.26378385345425404
0.19252100685214835
0.14051026093525731
-3.897449458888108
1.1554707228862862
0.8433131294627385
0.6154868489854648
0.449209253406738
-0.6721474168313151
0.5094373831191428
0.3718097095098729
0.27136300685158954
-0.8019473951215339
0.414703675264831
0.30266890130603574
0.2209010174778454
0.161223235397439
0.1176677768567771
0.08587909600179255
0.06267832474698665
0.045745385966880825
0.03338698578346211
0.02436728417838907
0.017784310991156183
0.012979768903037758
0.009473203705224087
0.006913958877932558
0.005046109938433574
-3.996317128007221
1.0833127687329709
0.7906490948598908
0.5770503304728001
0.4211565991329884
-3.6926214722935233
-2.695036843462818
2.033044101021606
-0.5161953918783801
1.6232579997770813
1.1847247676669657
0.8646640123235461
0.631069658212482
0.46058226992266516
0.3361531086251164
0.24533925819007774
0.17905933357404713
-2.869314657684578
0.9058485209032661
0.6611279159665102
0.48252010262640344
-3.6478357004510613
1.3376497739129367
0.9762753781816587
0.7125285202685463
0.5200345143822895
0.37954395993426093
0.277007801479658
0.20217242317302198
0.1475542871836879
-3.8923084200872777
1.159222878119599
0.8460516166518648
0.6174855168493183
0.450667968731703
0.328917217487259
0.2400581879915391
0.17520497729497464
0.1278722643279071
0.09332677779363063
-3.9318860309612838
1.1303374046742451
0.8249697332906267
0.6020990352360718
0.4394382407051243
0.32072127024468866
0.23407642680872254
0.17083922605362822
-0.8753140520961029
-3.6388425235838024
-2.6557866118149542
0.06169063877239811
-1.9549754705062954
2.5731732969076675
1.8780145465258267
1.3706572507965689
1.000365680146968
0.730110677512064
0.5328667426283662
0.38890948200750586
-1.7161568304126051
0.747473597869309
0.5455389621948692
0.39815822273991586
-3.7094066944410446
1.2927125664204588
0.9434782364374383
0.6885917300981621
0.5025643967687028
0.3667935031161127
0.2677019597751338
0.19538061241166904
0.14259732628937094
0.10407377279600993
-0.9240424034177499
0.3255933918983569
0.2376323145326582
0.1734344686202247
0.1265800695698136
0.09238367747638332
0.06742565313059234
0.04921019409785998
0.0359157544749138
-1.9737871097005408
0.5594437388972358
0.4083065376414501
-3.702000009850191
-2.7018817108402793
2.028048417085603
1.4801585392334755
1.0802845153046956
0.788438942906386
0.5754372647987145
0.41997931317091464
-3.693480707139794
1.304336049322088
-3.0480384367703905
0.7754080809466606
-1.4340732288565494
0.9533505621978713
1.6957969857287938
1.237666895960953
0.9033034957892081
0.6592704451963831
0.48116443912319706
0.35117487696233063
0.25630280249769655
0.1870610082828339
0.13652531489625286
0.0996421529992988
-1.927276793597727
0.5933890041887606
0.4330812786508389
0.3160816809780007
0.2306902514029634
0.1683678469682217
0.12288222723030273
0.08968483021541385
0.06545591622206626
0.04777259385092503
0.034866530864876566
0.02544712096531576
0.018572423162286356
-3.9864450323245135
1.0905178564428044
0.7959076833678331
0.5808882786296445
0.4239577017544205
-3.690577104945362
1.3064552253468906
0.9535082306872615
0.6959120590963588
0.507907093415092
-3.6293071629246656
1.3511727119296797
0.9861450104904232
0.7197318101002095
0.5252917907200167
0.3833809504118255
0.27980820514481675
0.20421628039228956
0.1490459836789908
0.10878028533359263
0.0793926155215523
-3.9420557927383317
1.122915067214521
-3.1804474135977454
1.6787702117167846
1.2252400107164227
0.8942338107877035
0.6526509919377546
0.47633327228158073
0.3476488798535655
0.2537293754109058
0.18518280850933788
-3.864845477541296
-1.820733463859491
1.6711489915647233
1.2196777105304824
0.8901742005492892
0.6496881106230257
0.47417083175906427
0.3460706360710093
-3.7474224960099436
1.2649669697946777
0.9232282850921969
-3.3261875711010633
1.5724026630821393
1.1476083160869859
0.8375748007005317
-2.38870123461587
1.2566212422210685
0.9171372076651867
0.6693668938758242
0.4885332694740434
-1.643447027980332
-3.1994596044894568
1.664894282295759
1.2151127498239798
0.8868424923345986
-1.3527435159213228
1.0127085479739089
-2.260880957076754
1.3499100777798354
0.985223484799481
0.7190592402990745
0.524800919828575
0.38302269134093336
0.2795467319873861
0.20402544583257587
0.1489067042610248
0.10867863311557535
0.07931842528168342
0.05789005997595975
0.04225070066783232
0.030836411426488297
0.02250576332779275
0.01642569156187612
0.011988188952147816
0.008749505237633848
0.006385772046884064
0.004660616060821354
-0.9965984783191582
-1.7273612086594108
0.7392961520060375
0.5395707041288045
0.3938023266644519
0.2874141818665441
-2.7902325447447085
0.9635661097844954
-3.296747260322779
1.593889491024238
-0.8367096560128902
1.3893326550919776
1.0139958079627576
0.7400585416298133
0.5401271294598509
0.3942084302358735
0.28771057403548284
0.20998377523864065
-0.8467446460343364
0.3820086799608946
0.2788066620805729
0.20348531040830764
0.14851248977687437
0.10839091812312773
0.07910843828169423
0.05773680226843059
0.042138846482009384
-3.9692452246562118
1.1030710292265176
-0.19493046145467208
