-4.015927811477947
-0.40265044279129364
0.2591509708994602
-0.07665443521611603
-0.07823382946644591
-0.03510498438756565
0.22065678915006545
0.08851707683642812
0.023418266442718827
-0.03524239030237064
-0.03759431012787029
-0.1126904650508615
-0.04486683679900788
0.23525336964357363
0.287479262098222
0.21686775691689555
0.17070212273284
-0.12916562678168542
-0.19470046380222517
0.10293376110116816
-0.11837695990636643
-0.15670054299635933
-0.12190898708250672
0.09352695213891442
0.30985277186728716
0.17535709945430072
0.1659292822540857
-0.041859434339042156
0.021181733390181978
0.03374051123087196
-0.6443097795833244
-0.8645595724917617
-0.5925757001344081
0.08575417967726429
-0.045144264466774886
0.11707983377329112
0.39742404696061906
0.3640982184424796
0.32436062883332567
0.2494956612277949
0.18438241156065044
0.13277876202230554
0.13002568771333525
0.09061599074413973
0.02704714069135583
0.02894677618607122
-0.2501315524246989
-0.2773883525224407
0.04042809914477109
0.10286811838293486
-0.4382604912220853
0.05737773423185693
0.16527114861197945
-0.4072744562672287
0.14239671807955062
0.11979689359022264
0.29329503711872584
0.13717650413829194
0.10203052779471275
0.1357093711006249
0.1678824012435915
0.10283175836602032
-0.03247029585358718
5.985347683156728E-4
-0.19991060984500253
0.1251584105017901
0.04214290949724464
-0.17275633822514502
-0.034206768752178984
-0.27968584403164887
-0.1892963712479532
0.043098521384036956
0.041239718913535006
-0.13216168084978486
0.044696005584459006
0.14120889272381823
-0.15771140304893416
-0.177561675526509
0.099069451842629
0.13712942233715775
0.03859378914167344
0.07675908647434188
0.16197733478422052
0.10071360401056267
0.0033014780523476506
0.021035196518374155
-0.03515144133322512
-6.204714589563842E-6
0.009998170621266067
0.019629772485004693
0.09923527719364056
0.03922189708439672
-1.0652896436353703
-0.9742030812467453
0.4314948277665761
-0.2123547712557563
0.2331070124060243
0.19963586055652263
0.2225012261998399
-0.36329878378696684
-0.4712900839786446
0.11782522680135071
0.9401095446327942
0.21997018797589535
0.08580182994381974
0.19717516795129997
0.07957228349214651
0.07585946868688864
0.052441045756748295
0.04682612394384783
0.08810912464240234
-0.2404452549084939
-0.3366688046754993
-0.2322490975444968
0.10967085042250316
0.16
-0.56
-0.2364399525953124
0.08375465398942852
0.15961871451261733
0.174093751739962
0.1341849749534278
0.04192845435536324
-1.0304880856091645
-1.3665084850881637
-1.2220809395395245
-0.10528710483021309
-0.42835954552001965
0.3148610751574821
0.1977547028417367
0.27922437071738804
0.12
0.3833878911942016
0.16447750951369808
0.11894881162825446
-0.013233294279116514
0.026875319815750365
0.06284101409476184
-0.2414463142178514
0.0
0.13
-0.5421586040492917
-0.43834301881346227
0.14091570538287607
0.3432455280742539
0.2677619908452171
0.19062557131098368
0.13683194888740854
0.1285331572067807
0.09352778662633898
0.017707351375504
0.03485391688640299
1.083273334272581
-0.831784983306117
0.138970575085393
0.06929953784003662
0.026056882065506437
-0.06250246556747219
-0.06236116794819413
0.08370503724627198
0.7472551247279743
0.5043620634824941
-0.05392439066557675
-0.015659570726255456
-0.9436555617396201
-0.3203760236955949
0.008643676964866981
0.053168700235400324
0.31
0.36
0.15058813475946825
0.09623991415406336
0.13530421557081707
0.07326825342933202
0.2157173021881989
-0.2056452775373226
-0.12247329601715058
0.09178065248732348
-0.21933718068933122
0.3816999839030381
-0.014911762064674594
0.03442110550058003
-0.009565064408942059
-0.012152436113677112
-0.08485310447181854
-0.012195858503418866
0.14327422735767048
0.48
-0.08242185022876125
-0.0044328919616166695
-0.029816583356934934
0.0829509710940956
0.1720494859059013
0.033125025447587886
-0.017723610143892676
-0.14561453506426425
-0.032977761903833724
0.13101779031096789
0.056989926870883834
-0.021270160080980816
-0.5475224572925994
-0.655341528576747
0.10964579308638966
0.39464547263521665
0.13
0.23
0.3
0.3327027857437736
0.07727352463717696
-0.19729056627130456
-0.03
-0.16
-0.45391575135269857
0.1234781285112959
0.20200202169896975
0.16224511821785406
0.17929130851046216
0.14095587606754825
0.0915060593501591
0.08031831155133995
0.06972870239872792
0.03680522134103942
0.024017934139002772
-0.05333459883017433
-0.006689816443336438
-0.005422640235363374
-0.027502079875340146
-0.13822817052034342
0.16604686180867195
-0.4674291841874493
-0.42362873423332903
0.19689982295222236
-0.10263349198173846
0.09817133019654967
0.09688626644627121
0.1519322945821359
0.11401932262419306
0.04085696569447422
0.043263208414982546
0.03461824321882462
0.25794619144372977
0.0869396402736714
0.028673484196750088
-0.21209163143274956
-0.04948855952363573
-0.030239394915048456
0.08375409798722167
0.061882065952439114
0.024254510459491063
-0.04342309594369653
-0.0012387236543012214
-4.4053020475387505E-4
0.05102894194661617
-0.24723084344887825
0.13899728123452565
0.05627516497031587
-0.024889102985529377
-0.039347899933658614
-0.012937536251213189
-0.0043486432640374995
0.07562416164700048
0.03153287827622936
0.008297143956588426
-0.15396490988459288
-0.040786509599948895
0.11112476406489419
0.04644803447193363
-0.03737664977147037
-0.012536991697208677
-0.00434236659713072
-0.28150976231952085
-0.0029814194221944867
0.07489225600468846
0.07053309053811196
0.05799800850831999
0.04292444811205881
0.008400575320442971
0.04192247114993697
0.016763452668694168
-0.021615613826460156
0.0036538079780524257
-0.10034990776653452
-0.028481841031688493
-0.058782693196228086
0.1003116131748894
0.03903938961633446
0.009433559405031933
0.047739134006054895
-0.08287770518455007
-0.02511497871056967
-0.008071335864212714
-0.0026093069324272244
0.0866128427492957
0.03590360442750418
0.02129194885666036
0.008465183699473022
-0.09236987743237124
0.018813996924591847
-0.26341674894530775
-0.3064019569697376
0.009447360724032017
0.25
0.31
0.09
-0.2534933182608944
-0.1487863614512278
-0.16041505750390164
0.13084062288231998
0.21429529590176327
0.19327859497501743
0.13018365022773778
0.09993229394935807
0.04524666095609331
0.12551784165641844
0.03802230397982237
-0.18953032544867776
-0.01
0.13
-0.03161042907833514
0.06293577057160693
0.019469384757636043
0.045965447485962097
0.0450490186323777
-0.04127714903826318
0.19114626706246451
0.50387990693261
0.47
0.48
0.48
0.2288677230071749
0.025413695610974785
0.007692677392846792
0.00552199924807123
-0.2681996682245722
-0.0033215206736960656
0.09406876341692944
-0.04203547701171795
0.0195638787321894
0.08098738311949927
0.03737584015737572
-0.09237068881938443
0.05131892282520745
0.11314028121565001
0.04413001825672408
0.49
0.49
0.49
0.02622241198713432
0.004317278010296077
-0.5977825064236197
-0.06783217186084989
0.19934495978218736
0.05713057320889209
-0.036929671575153145
-0.011505927045983966
-0.04173057491078036
0.08347508352617833
-3.659059516944452E-4
-1.2539632957042635E-4
-0.2272987386333364
-0.47121195198288535
0.01988216186221539
0.1384801217396283
0.11560037154327851
0.09345854199355252
-0.11405637001051283
-0.0234653160448674
0.18748154485763463
0.1027203966846027
-0.13066574944613496
0.1302493474701908
-0.06526562063030439
0.03301515589805981
0.05306340183655717
0.019639592894002356
0.49
-0.20120096539113752
0.09486025251473013
0.048559502486976325
0.0276681623105014
-0.1777095655128473
-0.421832907884496
-0.2661552725343318
0.08473915674025713
0.1462592006700186
0.13411313479475667
0.1463274679315335
0.11047435964576696
-0.0037407525514601137
0.028909335405610803
-0.0022705871530148136
0.009355661112871116
0.0127150481994448
0.10638587663164945
0.04146509056346992
-0.003383104339060583
0.008827456104588238
0.04948868089377201
0.019678193852212755
-0.017057395516742346
0.02465906223154468
-0.26020217216976227
-0.31303109420284136
-1.0726527664329595
-0.8859098180025525
0.5023468230831158
0.00120402553583987
0.3001911813846084
0.24636464932664398
-0.017457341068793458
0.18312154733684352
0.18876749897457637
-0.3808479758398183
-0.4256449753837609
0.18473784607161997
0.1968060214735804
0.25234668059311166
0.20499299444396396
0.16002945635207796
0.11313278437135729
0.08831832811484214
0.2373088051745611
0.07347410667045634
0.03781401675067947
0.01930175927901495
-0.05238137100104667
-0.006162743550869432
0.018044590177700714
0.0064701282783696246
-0.13441970568452133
0.09015556587742996
0.03437940497877168
0.021565246981710973
-0.006258681335211291
0.0033981257719229996
0.03731940118736882
0.014437201183213733
0.005503770251539475
0.002093658555558209
-0.02833418781898933
-0.010013556583176264
-0.11017721231300193
-0.030409769120310126
0.09774285489709328
0.03953324081524806
-0.024627693269092643
-0.008153633451459918
-0.1124311937537733
-0.029177257170354465
-0.008068902710928305
0.05853532716964527
-0.02300825545525753
0.010043492199754367
0.0030670436490242148
-0.007813926257318915
0.05854889493195564
0.020701048864029015
-0.08440801783519247
0.11975884275745297
-0.028254493439821338
0.05524494282251924
-0.011723218221761034
-0.004114595547567768
-0.047522405227372055
0.07769872914621934
-0.13609833152743356
-0.03588977245513281
0.098633928638022
0.039440614725606615
0.2331787909185461
0.15443857500136116
-0.4016188433526878
-0.08873144154000956
-0.026444470584316426
0.05256224968448353
0.01903358374127273
0.05158686546953156
0.02025137205251959
0.007737108256511416
0.15634839385978438
0.0878910997847348
0.35670373470200434
0.5
0.5
-0.207151268511926
-0.5687885168553162
-0.3578012505644579
0.1575078414660245
0.20186124158138175
-0.04361918258283487
0.02994354163893398
-0.08916660916932229
0.009510867614194118
0.2153957096812414
0.12760171442597834
-0.46840118549258564
-0.152777859922839
0.09848110469836874
0.1256309947281782
0.1087536929295278
0.08235973382639178
0.06209713543498818
0.009722880927110156
0.02340190543954923
0.05463434743682738
0.03189379108848078
0.022484254819677973
0.48
0.49
-0.11812248110508816
0.49
0.49
0.49
-0.05861456616011637
0.03
0.15
0.25
0.31
0.027113506548473776
-0.00406621655773115
-0.07960173560821437
-0.00175502650894227
0.18683390756193718
0.5177637636746333
0.14489562880179607
0.08391210223136786
0.25192055944919656
0.03503146743437402
0.017857438215509724
-0.8200346526356785
-0.9438953121986158
-0.04052686357011871
0.06
0.18
0.34518260214243757
-0.14029925045777933
0.0723049515692514
0.19349896223980545
0.19859922617079123
-0.09251298931625163
0.19149282064462084
0.14567420186714714
0.09967556563681501
0.11780720223849278
0.08055533919205887
-0.23913315423187653
-0.07621545732378221
0.10487362738436151
0.05569855724013545
-0.03966933931851846
-0.016859280545961863
-0.007422198822923554
-0.01618573436122872
-0.077263956639404
-0.02865189124762635
-0.12345085348780316
0.24054830765532154
-0.5380613418285127
0.17793178895772022
0.3226627974707633
0.49
-0.44947475423044825
0.08064906002470762
0.029875096496491893
0.5
0.14516776875780973
-0.10747817075857513
-0.03175262847837956
-0.04127952991261252
0.5
0.007164715687017209
0.04487280445275682
-0.043191373755861906
-0.01426060257625672
0.07842306174926739
0.03373246863057927
0.013842723660950518
-0.018979512281251165
0.06690095001661467
0.07401695072314701
0.0367171940406279
0.017661620834825253
-0.04100341148922371
0.14857867014876835
-0.17915660649255383
-0.06118346542454178
-0.02393782145545853
-0.009551461558713448
0.17273635572712892
-0.44413770891179644
-0.22471720194288672
0.08348694647047356
0.11403263954416218
-0.2512222178579771
-0.08
0.07
0.08862939929775888
0.08383178546416561
0.07580457155091597
0.0739630742564758
-0.028965169843874317
0.012219897537689983
0.15464451777047933
0.46
0.47
-0.0660792383508726
-0.004400446757743592
0.008686111226874293
-0.18956909013907067
0.036085284385713956
0.11961614090085176
-0.16075106828239188
-0.24273770298611091
-0.2629729717590216
0.028171386270959324
0.1516860271149206
0.1653913624316333
0.14979745745187187
0.1188590989021363
0.08407073020312711
0.13440564420234458
0.05505155273407797
-0.11576569148464139
0.13438893240885175
0.14521614716855769
-0.9843405480681748
-1.2935166891958945
0.19540707805906388
-0.19830942048518185
0.19763784429782832
0.2912752672608741
0.32266592081121237
0.23593407749631284
0.16215621830944557
0.05407058211055227
0.16044594383560862
0.10059235505668646
0.07357087367061138
0.061173897342310546
0.12718913657565273
0.08174015040363386
-0.16272340926040174
-0.05353007306145374
0.0936122381597338
-0.3006255987672699
-0.06592704979314623
0.49
0.49
0.49
0.12123486891869983
-0.16108453236162223
0.23231178886058307
-0.017663910086777146
-0.006197465157443183
-0.0023306206579278843
0.49
0.49
0.49
0.019740528909581057
0.003740895002446787
0.011366582711626827
0.004437293451191926
0.2067700010747327
-0.6849310952900289
-0.26863650309710385
0.09068857946879631
0.1415513008366041
0.1531904171909486
0.33
0.37
0.41
0.1476837503514351
0.7482284854740981
0.0856792294534981
0.06722333358240218
0.024047920310929505
0.009707872503897819
0.01404659732428054
0.13468477234973225
-0.04762790588875376
0.03895977691601232
0.01909781217895712
0.009160513525030112
-1.3920141591372428
-0.6787810332303106
0.22397104627831843
-0.019789659900122214
0.19356609849265166
0.19563418405110244
0.18799775185925596
0.13775982501574152
0.34
0.38
0.14
-0.14612637229948117
0.0803131125340083
0.08352296143232482
0.1022098383175934
0.09593313010922205
-0.12965475045435515
0.07671307130079696
0.07248662834906747
0.09133239615372396
0.39
0.42
0.44
0.5352561138663297
0.1272449916150991
0.47
0.48
-0.49759965121651273
-0.04027905021119005
-0.01042912255087114
0.1154741799911066
0.23294881776931747
0.1472561840807119
0.49
-0.3126836214323927
-0.05545967079567449
0.0892608805358937
0.037774253190094476
0.015087237305352053
0.0059692182937167715
0.15693540755429386
-0.1784719116867661
0.43154565395869143
-0.5670880880132871
0.04754148452308063
0.05764902019782536
0.07771928088583002
0.06759876415946564
0.04465697147829323
0.18259608197501054
-0.07570128529867476
-0.20402314078439204
-0.18619529425684556
-0.14164120700376423
0.049018549684148344
0.1302899901516293
0.13756341253857632
0.12003470492188065
0.39
0.42
-0.14968824761525484
-0.1620316997899932
-0.2541857436371945
-0.2077854889515976
0.06427051569831019
0.41920896810013253
0.1291617523635131
0.2702555483356085
0.1680944845242049
-0.18918498155116448
-0.01048997831538473
0.13088803183011116
0.07790962734690943
0.043490957536929054
-0.16944628560719432
0.08581946775854155
0.03711781204978143
0.02505835872535883
0.01005652890327563
0.004028869426286608
0.0016136009702178988
0.03709679967125262
0.05173333241319927
0.02418879428925602
0.49
0.49
0.49
0.49
0.49
0.49
0.49
-0.21233411361920518
0.16757009586871163
-0.07321322304500066
-0.02333376227178574
0.5
0.5
0.5
0.025121472783607546
0.004481600634230587
0.04670016767424712
0.019700869729194437
0.5
0.5
0.017888864824309514
0.06541968060282688
0.029831204023919644
0.013801294406954379
-0.4011725023759375
-0.03849393161159809
-0.0091283246582341
-0.002239643580795647
0.27220662425417286
-0.17887857353547965
-0.03574811131178701
0.0070877917379857935
-1.087426827445212
0.011041925895522442
0.11357731417173532
0.20462616928891594
0.1709195517876803
0.1364424506416308
0.10687968504349277
0.38
0.41
0.1919607199782664
0.0714022474515677
0.03855004994836431
0.07231433489736505
-0.07670303435746595
-0.09951724229173331
0.20448563763258987
-0.0016013237794911817
0.49
0.49
-0.59
-0.6363646780326959
-0.6609609440041624
-0.005026858460654204
0.2385468163746726
0.07863903104793599
0.16977905203204324
0.30647665273437014
0.14408524679405227
0.09677947648044383
0.09933357219410938
0.05934443551051782
0.12077109227615757
-0.10986577135426362
-0.026051656567098513
-0.00971402604896282
0.00631643608769239
-0.00962789171185957
-0.04591257338885135
0.26495463344565406
-0.09410692008833765
-0.15669297473305632
-0.030867461989964373
0.49
0.49
0.004881042965801108
8.769731666394831E-4
0.21746086297940515
-0.13293866537813517
-0.18348417976821124
0.06991167056778108
0.07435698201234203
-0.07062344640527451
0.44
0.45
0.04097070067816877
0.008231066566507683
-0.0712370627702339
0.2002545683435466
0.12746480501577945
0.11557776210823262
0.49
0.49
0.49
-0.011635440980919953
-0.003127350198997847
0.021101529941828734
0.010600060886770235
-0.24499315637315944
-0.07540646790795758
0.03324569337049871
0.49
0.49
0.49
0.18149015580940747
-0.2562222596093222
-0.03324034179101987
0.19142908231019773
0.10727120093343695
-0.4565626797119209
-0.29770451228914885
0.006856896820727737
0.25
0.31
0.18465549514486843
0.1133256186078539
0.048907481558136456
-0.5018215042241183
-0.5281509045519358
0.0725239298027249
-0.02
0.12
0.5306411274837464
0.17230284867475695
0.119549006332825
0.39
0.42
-0.22224324437381285
-0.20173676445447156
-0.1988433489487119
-0.16385177662830416
0.13823463668484373
0.20711888648792937
0.16948443546497155
0.13945949209597425
0.11297675573505342
-0.7296944049892367
-1.053864002992956
0.2547316713519957
0.030813436773784952
0.1306455474686843
0.07
0.19
0.27
0.33
0.38
0.14
0.4486998119751459
0.17786763505739533
-0.016130235682524224
0.07583014893166967
0.0731763168505345
0.3525488959131927
0.13704748555950735
0.44
-0.36
-0.3874357674403275
-0.42989551995960007
-0.213728372804187
-0.047788757231995466
-0.08958570910500252
0.18742097312523737
0.17289015419506212
0.2493122190187938
0.16058249635688687
0.15935693918933247
0.12920653618266525
-0.0076524456744622715
0.01708803253188801
0.027155201844196564
0.46
0.47
-0.20690966331182492
0.09211731340803109
0.04508012529316996
0.08741902026511278
0.03866756072886329
0.49
0.49
0.49
-0.1672691929986344
0.08892628922041274
0.035585021590108235
0.013926014100688944
0.07628681250965635
0.0356295232004506
0.11649782684469884
0.06564057339715523
0.49
0.49
0.49
0.07433150303505348
-0.10600740471985037
-0.03940711431755539
-0.18528724638879554
-0.1804293138329559
-0.28422887162673427
0.026967544267897103
0.03923096374015167
-0.024333059681054925
0.1097642245858596
0.06631979063332294
0.026177547241103827
0.02018173424548103
0.005626188042865965
0.08650281309381691
0.037434949420530494
0.22
-0.8560043977615182
0.01853201587862288
0.10855695090796563
0.1004511783928542
0.07743511787805274
0.4
0.42
0.20586455348482616
0.06987088237239647
0.036025963443962083
0.014103354535867363
0.48
-0.06
-0.8941184153758647
0.2274454630033409
-0.4611167373133131
0.06842371769761751
0.12186803929467153
0.09172502747791278
0.07995063267776259
0.06157325519537493
0.23722149020600053
0.13891547277535854
0.08184505127092456
0.08352918544112858
-0.225389247099877
-0.33699281260946123
0.10003036705384749
0.08802378502804264
0.06906505476916719
-0.11297975861632786
-0.01095678343972184
0.2823760054546355
-0.012004919385137147
0.01641856348019849
0.005960905202278655
0.012188937916347231
0.2260518574190622
0.49
0.49
0.0953085390400264
-0.16600175288124464
-0.051578541326363414
-0.16896374344057852
0.49
0.49
0.49
-0.17177489022861936
-0.015398845640247516
-0.00368553504961322
0.16476280716371328
-0.5427638706422344
0.24038949361536815
0.09919451805478785
0.09444660316832376
0.04659096639678684
0.5
0.5
-0.18402162360588403
-0.022337859244701663
-0.0935174159926
-0.026796791453970514
0.15963091218238828
0.08312197386824488
0.039643006963352434
0.12295694039833327
-0.17971389514961733
-0.059921524432306694
-0.022853130085829232
0.1209254985993442
0.06468257397208943
0.5
0.5
0.5
0.5
-0.004606189733017296
-9.866904285971145E-4
0.05752286059146655
-0.2503384468137628
-0.22089098582061378
0.07164686920741103
0.0756831540398672
0.1067260189286422
-0.4637021549962127
-0.03466405343709622
0.06758373450793351
0.11837980091484493
0.33
0.05213966912407325
0.11136502103751655
0.08168438509727288
0.045886228073645785
0.03019168444646919
-0.3208040821304675
-0.055081520837609865
0.2089291686937565
0.21000017961784057
0.12737815376489509
0.49
0.49
0.49
-0.34180950931334864
-0.0392035310864004
0.49
0.49
-0.09728154865604843
0.353774603307597
0.0816729533147636
0.49
0.49
0.49
0.49
0.20874738948226623
0.07799062266851886
-0.38336129385090945
0.1006565593395431
0.05389280027000015
0.5
0.5
-0.21191042231010238
-0.036962173133029075
0.09976874999692381
-0.12178774620370081
0.5
0.5
0.5
0.035390374916681566
0.2015054025971731
0.11996506034597682
0.5
0.011383922470429297
0.004507433240210468
0.5
0.5
0.5
-0.4038111425846954
-0.04446610562148301
-0.012773640290114963
0.030922310670728537
0.08097290119598743
0.032429344278208316
0.01242738660002013
0.5
0.5
0.5
0.5
0.5
-0.25639716042628524
0.13624466986075284
0.04189066505970185
0.5
0.5
0.1344369479368508
0.1042100167755669
-0.3521214951844599
0.01763622909566137
0.006739879542229266
0.0024924732488674772
0.27439668589520333
0.066035841585593
0.038694785721857416
0.01425781288326572
0.08689074340210873
0.0477076651574308
-0.3689370650705197
-0.09175550376356667
-0.0709192774389299
-0.0203105571254093
0.5
0.5
0.22
-0.37100741536639437
0.05479275388829338
0.12220590559410388
0.10643504882869878
0.09046915774424535
0.15433067195410424
0.10005510814951374
-0.21343875016200692
-0.02883053082401843
0.47
0.48
0.48
0.224548300544838
-0.15713909041553553
0.03713237290822191
0.014816156280207549
0.005795608788218276
-0.24435485631825704
-0.05371833401995141
0.1969572450588446
-0.03873626710389522
0.49
0.49
0.18897560598101842
0.07005862897614012
0.49
0.49
0.49
-0.058691384646415545
-0.2829121979850643
-0.23336436171001493
-0.00946238755476822
-0.04315000358526522
0.31
0.36
0.14805170879136864
0.22800992844451975
0.44
0.46
0.47
0.08501777844772956
-0.03417805558541964
0.48
0.49
0.49
0.0043779237391537995
-0.15301805341252606
0.011557356295757382
0.11940824475756207
0.23766637828888854
-0.16780984342500604
0.14494081124959363
-0.024724063669961938
0.1502339233649514
0.09464055213604278
-0.16599779186527497
-0.06224451121506047
-0.3694249483645229
-0.44787746007660467
-0.26635643224345473
0.09294624666567755
0.15675767556717563
0.17981918489762455
-0.11747472108700983
0.061718505866053916
0.26
0.32
0.26132523691576537
-0.170153178868646
0.1538259728489042
0.03127217623038098
0.021897538987955822
0.1442251246216646
0.09016563229688557
-0.029650809805667255
0.014754923694900057
0.016068277175382395
-0.0261932179725064
-0.3462126514927426
-0.10352969242407328
0.18345827029443657
0.08217224899223802
0.49
0.49
-0.14384399805775938
-0.02641034681503529
0.20166314608816083
-0.16948228059929227
-0.048781938736172314
0.15927105840686445
-0.47336000447881976
0.03
0.15
0.023272243372912338
0.054503320110699305
0.36
0.4
0.42
0.44
0.46
0.47
0.48
0.12252677246861704
-0.2592200263509372
0.02
0.15
-0.04514631768746341
0.09698232844293048
0.0712495552314597
0.09645304313681996
0.12298386406880085
0.07972537176402311
0.05739744151100973
0.0367163936030418
0.14340544057237853
0.09966399162817324
0.48
-0.37127470823936304
0.49
0.49
0.49
0.49
0.057166813586972176
0.007309760996201842
-0.08847603605354426
-0.2768329203890213
-0.27452778206273387
0.020391961143746723
0.1519760460174664
0.1445341500434057
-0.2547514443763954
-0.07
0.08
0.053898602027393244
0.10167206250425767
0.08367195888726339
-0.043568058536796794
0.033199303750355846
0.028754850603852522
0.45
0.46
0.21842969013052516
0.09185856824948724
-0.3215747070794993
0.1877961012646216
0.11331454145147107
0.20463587650725268
-0.5939010070650527
-0.21950930365499302
0.061920861950372
0.11604423868073183
0.11606921241803347
-0.02601361326707302
0.025173014270805816
0.2545995165629717
0.12291916651950441
-0.07464434509347201
0.47
0.48
0.48
-0.1349854564792512
0.22644155267784932
-0.1276811238384794
-0.0528249416742238
-0.018832575349114644
0.1284797340122062
0.0672524325696856
0.05095466577667551
0.025441518700255294
0.012527259079624542
-0.13950667264253935
-0.05055545782976123
0.49
0.49
0.18500131391999153
-0.16352906920071408
-0.09624277369336576
-0.024407373414095268
-0.009295828932764705
0.5
0.5
0.05471179245121338
-0.535555079516324
-0.5628646270735934
-0.3379432479347567
-0.09794163350488894
0.22225127149320692
0.31808447566058046
0.2588276296005969
-0.0697523316501654
-0.17
0.01
0.16919528543155007
0.12532312782386917
0.31
0.36
0.24736875393981153
0.3394234525726769
-0.09770946558519672
0.09121008352771948
-0.1658323530442668
-0.42282308920022027
-0.5604828263639496
-0.02607404099428451
-0.19700220502865531
0.29116119548839453
0.21610308359404784
0.19232976035969995
0.20318851756453138
-0.355295123828949
0.12434131541726363
0.0959027742538222
-0.09992361760777665
0.1
0.15892566424916543
0.12200480563548252
0.258309633874535
0.16022543906510472
0.11461904942799889
0.09193844159690873
0.060013529910369345
0.04271085139442682
0.03329345661466365
-0.002845340659054396
-0.001458058093151915
0.23600478412696313
0.1881357103402881
0.14214736445724652
0.104126789396015
0.07501022992868006
0.053566456934238504
-0.9840898971533041
-0.3112780917564224
0.3434952422263684
0.29349065253455825
0.23177560438764377
-0.32457247561735847
0.0889648437037075
-0.04985003857161363
-0.002208269995672918
-0.0010853743830188667
-5.323893369714727E-4
-0.046123000125050884
-0.5650279404121678
0.08028125021454569
0.19637782285755628
0.12533577896214482
0.10136951066974864
-0.1921279308412712
-0.45107640522149794
0.030321507294652328
0.14070016384373377
0.09373509002109454
0.20642719701502354
0.15369416077502213
-0.5192017480354697
0.1272223926086039
0.10280457611081475
-0.053481659568798245
0.06832496521450548
0.017507394743516258
0.19592410025175772
0.2677830033612567
-0.0171374125849878
-0.1289275867561835
0.05204511728297473
0.14211721360773283
-0.3884468023598795
-0.6502051891202804
-0.300726761079326
-0.4775566289588782
0.6107273054084645
0.19444407623935017
0.17380504728012203
0.19552098450629848
0.20704576812002054
-0.3604407551843448
-0.00882406911765931
0.1607000661693948
0.20520874605776193
0.23801321397211747
0.1849501643595888
-0.13582402767189927
0.14180823398850656
-0.4437709487420015
-0.6666084938863276
0.12505693558915673
0.0279049245622018
0.21832565966650624
0.17816603534128952
0.1885717611448276
0.2863972509945566
0.18189709229569098
-0.2786751901935422
0.02163781466785153
0.017657237767032985
0.016201505234668456
0.015684905259253035
0.015503002348544848
0.0054391050635412275
0.011908263415597808
0.06322303509069238
-0.22066860481626216
0.20308810309372577
0.19276186989595534
-0.16959821397226404
-0.049653208795993886
0.10020952710316489
0.04812079687426618
0.20441337260982528
-0.16201500979646632
0.03866960988011575
-0.010611879914725564
-0.16536868273790084
0.04233606058500944
-0.2442607186759873
0.18873556475407588
0.024435890130117266
-0.5406660872097628
-0.14409468457631383
0.11263052691366342
0.18412588620205383
0.22344751864515883
0.084433387942847
0.17018278261431719
-0.12573189667068202
0.013210797174663336
0.015653693724033635
0.35667185678626123
-0.007502250529019205
-0.43514053203585656
0.15419284316590837
0.11040007825017245
0.2467867112896157
0.3363310090362712
-0.48609790270858927
-0.14391421584047598
0.0512068849121633
-0.05260240988558762
0.08637822562988251
0.17036223831600608
0.02002041723773229
0.038296470755894096
-0.2077365862508141
0.3215132846615457
0.047268266095244704
-0.010632163647724124
0.13193652544834344
-0.039302102608113176
0.10563769589842553
-0.2657315301566774
0.37564925149284634
-0.38416465965266144
0.00631533733051548
0.1635319075669288
-1.1491805003562043
0.9000563536890642
-0.20245070799585388
0.3219744876055024
-0.1406517598860395
0.28170770368913844
0.18811536499471587
0.17304866296419286
0.13338523091685717
0.27241756636161596
-0.346553017765002
-0.6082790323245045
-0.44843623798362386
-0.35349756515431763
-0.27232070083431004
-0.21230706551533207
0.39019821975605606
0.6983333784504053
0.408099545642591
0.2272968223707568
0.20206950747809285
0.2393234368985023
-0.3741903331282854
0.04666402443784091
0.15291423643027222
0.17591325472659264
0.1629375471284562
0.12592589227062967
0.09852949637793856
0.07577055699443086
-0.26539149078447194
0.18157453225420567
-0.102459300686704
0.36669237952637634
0.08972296964556059
0.14172112874478504
0.2239110150384438
-0.20068709097201565
-0.11525581842016619
0.02259733847495482
-0.14949367316911155
-0.052693281344651566
0.11542265973509985
-0.021912465354836597
-0.009357245361076183
-0.004123162689295412
-0.03801166156597113
-0.12275134870714177
0.11971285159656442
0.07989666207612484
0.1403032199493628
-0.21580813723885017
-0.0684289066641054
-0.01566677298912078
-0.006007092981598627
-0.0023106838549911135
-8.892467690455597E-4
0.11735910943672867
0.14347100169311777
0.008403355061873952
0.2633439077690118
-0.38169373990045663
0.2544049768665311
-0.2130494343265651
0.2571850727836926
0.19452478288283664
0.135479912314999
0.09057868686453696
0.05945025444609603
0.038708549734474906
-0.9025382424870054
0.04518440838750948
-0.057730396353907976
0.2458545205476116
-0.06081041413757196
-0.1516375584565669
-0.984833730864004
-0.04077001521742257
0.2179586334601827
0.22043123181733315
0.1674251497025855
0.26914192455932884
0.17491480422100997
-0.006440644828383857
0.22088907477194403
-0.6698137726071693
-0.003486969911098106
0.1092228589802711
0.17372379745308153
0.22956169140103816
0.2088874106228483
-0.20696042718460017
0.19696776822204934
0.14357567316978065
0.09198391822527596
0.06088615808831771
-0.14214568395778104
0.1706573342157206
-0.66350098808331
-0.34298620702997157
0.2082186371989994
0.05434276847200187
0.1762391745351943
-0.18233161408130621
0.18704735130360628
-1.2743215711332603
-0.028332548522775503
0.12781428304137743
0.208469524406163
0.19008969244417112
0.20683224660146976
-1.002117699496832
0.3921639993667058
0.03794320481355673
0.13649178805932433
0.22711745596745114
0.2734745845747226
0.0957749879092718
0.15460766228135098
0.05333905801522343
-0.4666793962567581
0.08110153181289875
0.07955124048722337
0.18539309044447239
0.16162203700266675
0.13864461540520762
-0.07412553171707315
0.07359318362204997
0.18096807578303992
0.20097927645277897
-0.8090316464437135
-0.044401937712663486
-0.4729371621562465
-0.5146197681373784
-0.5103367198082178
-0.4171288776970473
-0.32228793468691663
-0.24034807884134435
0.3654043978865835
0.35990299032955936
0.6911334538001483
0.27517172938728823
0.4140809410086982
0.6262226347366564
0.26647828631145454
0.18721177976200187
0.12288617304318522
0.1144343876083963
-0.24906783152500084
0.011394362494342725
0.18850054475727895
-0.1804553645723519
0.13990740251137723
0.02513822547119149
0.10017737222708156
0.051935537729418946
0.025816048016261972
0.012697804607954555
-0.5534026460930155
-0.9774040797644007
-0.12850136001250367
0.14417886425452742
0.12829589652697698
0.24839625991226721
0.21897625279248167
0.17177488509383693
0.011990484212951458
0.005971536344885842
0.07099546154966113
0.1121767641708104
0.08228768271545306
0.2702873366153252
0.22907807597861346
-0.27219214457952
-0.029193874260665886
0.12708749758914778
-0.7307678295494471
-0.3650178089787005
-0.4837643981056416
0.03881987808318918
0.2094498694446145
0.1469596745356302
0.2213381402926994
0.1325761849845729
0.17239766493357955
0.20559778222295247
0.161328219270451
-0.16909121092952234
0.131953124639469
-0.06133878960472999
0.06382865994632375
0.29163675524024935
0.17662504388502237
-0.45559129472326065
-0.0959154320775848
0.05758107012000491
0.27453185563452054
-0.030529632905736626
-0.012314212630570975
-0.5454619533286899
-0.6472842202418138
-0.026068384663404
0.20397258104860239
0.16396251683681543
0.2215122446564835
0.2377082925701789
0.15316491812427513
0.028444130974518533
0.21527489855208926
0.0035554657291372305
-0.3296063533220665
0.26398015120573576
0.0013193557579796455
-0.13636436038491062
0.14238138680641899
-0.041372190450652435
-0.10922537094372398
0.05509722867166261
0.1476588151916976
0.2327812997237882
0.04099215070669732
0.0214727393008039
-0.14062092096059198
0.10775404412334338
-0.028838551308856486
-0.09840485865172988
-0.08480036784549883
0.07415791628936652
-0.09024230653892706
0.04555022491412908
0.022634722791585793
0.35150677923418416
0.3320713379671115
0.08680938434531366
-0.019694352799893178
-0.010978453837389157
-0.28194111059650195
0.23100709406181208
0.18614724751235406
-0.46064673970628234
-0.06323861922760765
-0.027786859787767737
0.15217194150859625
-0.018604179471709337
-0.1259467235038192
-0.024078238846007793
0.16224216018972037
0.14380842560833895
0.046557572226835986
-0.9979272845342138
-0.1781474383326667
0.08518799355914772
0.1606324175940223
0.24072333481941394
0.13835811769396925
0.051068186994160436
0.13311677581949244
0.08753114040375193
0.1603267659599394
0.2451668042000094
-0.11035058303775169
0.09668585739053509
-0.15753760196061217
-0.0496026175496338
0.005943403119773483
0.3583220732290018
-0.319642118570476
0.10261697635499584
-0.003492150301137531
-0.034575901766244366
0.01789756430182321
-0.024531960971986844
0.021604087692290053
-0.022767778191649546
0.02227103274329373
-0.022451797630215764
0.10031168306562631
-0.29910051429856377
-0.31353482738126215
-0.2767105433307207
0.0325484373462987
0.19616231573121062
0.1908942592170871
0.1781353212239809
0.05776538290238187
0.07490240999981201
0.12706190931243183
0.13171171278564953
-0.7269360125142552
-0.15038198022066737
0.0395526924256412
0.14541011292164707
0.14728331502470138
0.1501313816126936
0.18350758273919593
0.2918807460686882
-0.06408701870758976
0.08611486828977599
0.13604452014738466
0.0972483335019455
0.02368200970964085
-1.2707411392224923
-0.09565385030585678
0.08702610203683976
0.1816737735343494
0.23006090596754528
0.08439327986792328
0.15651070315074522
-0.4136532200675651
-1.0045639536521112
0.8623210431906405
0.1196013747505191
0.1774077765653504
0.25166628754357184
0.23622383467929128
0.23770736663154002
0.15082839542653909
0.16823741883775226
0.08461004128968697
0.041578049023666463
-0.14870181304211344
0.09335088581015433
0.22277725503833293
-0.21334360664498386
0.3597912026403319
0.10853683074454645
-0.00981085305982432
-0.29424301046090295
0.10510300990819937
0.10789286336833748
0.0625066117108668
0.03473907695881079
0.019057141840344405
-0.5149450284190584
-0.12262308046424852
0.3514276088064978
0.15374788034340597
-0.6560246207250751
-0.10169013543706693
-0.18986957378546004
0.11742745947973911
0.16852158703322745
0.14755695432913782
0.11178881796739581
0.09352655010936478
-0.9465104264169174
-0.13106602052249222
-0.036292841359252065
0.2107373554622627
0.2363128602937025
0.20235491220741306
0.20200432000458374
-0.05672350580737079
0.19469399790741812
-0.13655793223201645
0.1957365101713578
0.12664622149495125
0.01907653992308478
0.26867423964321
0.2176656571828523
0.1660875387439198
0.1323341094100563
-0.5476174059182535
-0.0905021512593206
0.1672600735173181
0.11379635117960907
-0.34583293102951906
0.23644205905941929
-0.11852417466514098
-0.1199932988134299
0.30044946094327846
0.18725421472983222
0.3091665808399875
-0.11527218613406898
-0.32844841226668564
0.16509299340253875
0.0027226773246155633
-0.5176026291166431
-0.010534376901802589
0.27875741302680246
-0.08221419895955517
0.22946914705921478
-0.16274245191963743
-0.976754462307602
-0.053909037370961754
-0.03166144306739462
0.2011603531715675
0.17979380434535117
0.16457243217548173
0.0469886351054577
0.15348441957938092
0.2827876656751229
-0.04683797707872517
0.05673610249905853
-0.09663752049856938
0.040219628185932055
0.204267438761235
0.5161908772419224
-0.16241059074457298
-0.20193147861639138
0.19161710901542067
-0.2742765767555586
0.17071682816004136
0.15547609188378275
-0.4212442854140447
0.10292848275319444
-0.9984429961356094
0.09239629096298668
0.06289058704114377
0.12951066874814712
0.19428607107343773
0.19598029040770637
-0.9455794542731
0.23492782897567727
0.059227218400709325
0.32522894951592496
0.19800977463634786
0.23185534511013903
0.1504572950576023
0.24468484498173254
0.09578981312832335
0.2702155584173921
-0.4781248937290219
-0.33820473924940786
0.051969249322422514
0.14415669765237515
-0.33349327778521326
-0.606771717192423
0.034843167782773465
0.4424617768478811
0.14363470384045537
0.2652602812212733
0.2293762022457746
0.20930679354530365
0.18015752648802943
0.1400414634615762
0.11496516435575377
0.08957824955274646
-0.22190822641322855
-0.02533000504412103
0.14371858078877042
-0.8513738332251368
-0.0962359506181559
0.017086504217624095
0.12756263197384263
0.1443428844622932
0.07796856783578865
-0.8666395743743618
-0.09222698570399623
-0.03234895015076966
0.37309037995635985
0.17593667124220175
-0.0690347135842323
0.11344451109215023
0.2012736592064322
0.12389942267650914
0.22104075753478034
0.017424491774529483
-1.0099246055163138
-0.8415580059281752
0.0785886064169109
-0.034614262270181384
0.001687890501684275
0.3827066480519092
0.6863642772365545
0.10884452011392337
0.06288535709207008
0.09982730583349003
0.11296900501857299
0.04027539500859534
0.17777804257059088
-0.04869366761958144
-0.2627433722194855
0.22204695787742912
0.0810749137793787
-0.2882561063315268
-0.0802241771049739
0.22130904375582
0.06131406331089079
0.2611337171076853
0.24478790490381078
0.20856322826415868
0.17444755310121962
0.13639626639031321
0.09769503880534997
-0.9310318437483587
0.3666105810801085
-0.05271404825930992
0.18758016659253007
-0.5961302520862395
0.14759705281373672
0.2099996782098586
-1.164992454633431
0.4436104767737922
0.10612889823092522
0.06811785720430094
0.2694792154528132
0.22799539460609056
0.15259096514790824
0.16714111478099547
0.30637242308747836
0.23698823718967355
-0.21671403148774143
0.052547665142987754
0.1324575877991614
-0.24242582595065476
0.2141221565492083
0.008326840464121521
-1.019969455766503
-0.22419405944723358
-0.41808939456294997
-1.2977615114171814
-0.3372147400057285
-0.008924451785161436
0.27380210626496193
0.5064810546077786
0.6266706739757266
-0.03 -0.22 
