-0.49
-0.78
-0.42
-0.44
-0.45
-0.46
-0.22
-0.29
-0.35
-0.39
-0.42
-0.44
-0.45
-0.2
-0.01
0.12
0.22
0.03
-0.12
0.05
-0.1
-0.21
-0.29
-0.08
0.08
0.19
0.27
0.33
0.38
0.41
-0.38
-0.95
-1.37
-1.14
-0.97
-0.84
-0.48
-0.22
-0.02
0.12
0.22
0.29
0.35
0.39
0.42
0.44
0.18
0
0.13
0.23
-0.24
-0.04
0.1
-0.33
-0.11
0.06
0.17
0.26
0.32
0.37
0.4
0.43
0.45
0.46
0.47
0.48
0.48
0.49
0.49
0.22
0.02
0.15
0.24
0.04
0.16
0.25
0.05
-0.1
0.06
0.18
0.26
0.33
0.37
0.4
0.43
0.45
0.46
0.47
0.48
0.48
0.49
0.49
-0.59
-1.38
-0.87
-0.5
-0.23
-0.04
0.11
-0.33
-0.65
-0.34
-0.11
0.05
0.17
0.26
0.32
0.37
0.4
0.43
0.45
0.19
0
-0.14
0.04
0.16
-0.56
-0.28
-0.07
0.08
0.2
0.28
0.34
-0.7
-1.46
-2.01
-1.33
-0.84
-0.48
-0.22
-0.02
0.12
0.22
0.29
0.35
0.39
0.42
0.44
0.18
0
0.13
-0.31
-0.63
-0.33
-0.11
0.06
0.17
0.26
0.32
0.37
0.4
0.43
0.45
0.46
0.47
0.48
0.48
0.49
0.49
0.49
0.49
0.49
0.49
0.49
0.22
0.03
0.15
0.25
0.31
0.36
0.4
0.42
0.44
0.46
0.47
0.2
0.01
0.14
0.24
0.31
0.36
0.4
0.42
0.44
0.46
0.47
0.47
0.48
0.48
0.49
0.49
0.49
0.49
0.49
0.49
0.49
0.49
0.49
0.49
0.49
-0.05
-0.44
-0.19
0
0.13
0.23
0.3
0.35
0.39
0.15
-0.03
-0.16
-0.25
-0.05
0.1
0.21
0.28
0.34
0.38
0.41
0.44
0.45
0.46
0.47
0.48
0.48
0.49
0.49
0.49
-0.05
-0.44
-0.19
0
0.13
0.23
0.3
0.35
0.39
0.42
0.44
0.45
0.47
0.47
0.48
0.48
0.49
0.49
0.49
0.49
0.49
0.49
0.49
0.49
0.49
0.49
0.49
0.49
0.49
0.49
0.49
0.49
0.49
0.5
0.5
0.5
0.5
0.5
0.5
0.5
0.5
0.22
0.3
0.35
0.39
0.42
0.44
0.45
0.47
0.47
0.48
0.48
0.49
0.49
0.49
0.49
0.49
0.49
0.49
0.49
0.49
0.49
0.49
0.49
0.49
0.49
0.49
0.49
0.49
0.22
0.03
0.15
0.25
0.31
0.09
-0.07
-0.19
-0.27
-0.07
0.09
0.2
0.28
0.34
0.38
0.41
0.43
0.18
-0.01
0.13
0.23
0.3
0.35
0.39
0.42
0.44
0.45
0.47
0.47
0.48
0.48
0.49
0.49
0.49
0.49
0.22
0.3
0.35
0.39
0.42
0.44
0.45
0.46
0.47
0.48
0.48
0.49
0.49
0.49
0.49
0.49
0.49
0.49
0.49
0.49
0.49
0.49
0.49
0.49
0.49
0.49
0.22
0.03
0.15
0.25
0.31
0.36
0.4
0.42
0.44
0.46
0.47
0.48
0.48
0.48
0.49
0.49
0.49
0.49
0.49
0.49
0.49
0.22
0.03
-0.12
0.05
0.17
0.26
0.32
0.37
0.4
0.43
0.45
0.46
0.47
0.48
0.48
0.48
0.49
0.49
0.49
0.49
0.49
0.22
0.03
-0.93
-1.62
-1.05
-0.63
-0.33
-0.11
-0.21
-0.02
0.12
-0.32
-0.64
-0.33
-0.11
0.05
0.17
0.26
0.32
0.37
0.4
0.43
0.45
0.46
0.47
0.48
0.48
0.48
0.49
0.49
0.49
0.49
0.49
0.49
0.49
0.49
0.49
0.49
0.49
0.49
0.49
0.49
0.49
0.49
0.5
0.5
0.5
0.5
0.5
0.5
0.5
0.5
0.5
0.5
0.5
0.5
0.5
0.5
0.5
0.5
0.5
0.5
0.5
0.5
0.5
0.5
0.5
0.5
0.5
0.5
0.5
0.5
0.5
0.5
0.5
0.5
0.5
0.5
0.5
0.5
0.5
0.5
0.5
0.5
-0.05
0.1
0.21
0.28
0.34
0.38
0.41
0.44
0.45
0.46
-0.07
0.08
0.19
0.28
0.34
0.38
0.41
0.43
0.45
0.46
0.47
0.48
0.48
0.49
0.49
0.49
0.49
0.49
0.22
0.03
0.15
0.25
0.31
0.36
0.4
0.42
0.44
0.46
0.47
0.47
0.48
0.48
0.49
0.49
0.49
-0.32
-0.1
0.06
0.18
0.26
0.06
0.17
0.26
0.32
0.37
0.4
0.43
0.45
0.46
0.47
0.48
0.48
0.49
0.49
0.49
0.49
0.49
0.49
0.49
0.49
0.49
0.49
0.49
0.49
0.49
0.49
0.49
0.49
0.49
0.5
0.5
0.5
0.5
0.5
0.5
0.5
0.5
0.5
0.5
0.5
0.5
0.5
0.5
0.5
0.5
0.5
0.5
0.5
0.5
0.5
0.5
0.5
0.5
0.5
-0.05
0.1
0.21
0.28
0.07
-0.08
0.07
0.19
0.27
0.33
0.38
0.41
0.43
0.45
0.46
0.47
0.48
0.48
0.49
0.22
0.29
0.35
0.12
-0.05
-0.17
0.01
0.14
0.24
0.31
0.36
0.39
0.42
0.44
0.46
0.47
0.47
-0.6
-1.39
-0.88
-0.51
-0.24
-0.04
0.11
0.21
0.29
0.34
0.38
0.41
0.44
0.45
0.46
0.47
0.48
0.48
0.49
0.49
0.49
0.49
0.49
0.49
0.49
0.49
0.49
0.49
0.49
0.49
0.49
0.49
0.49
0.49
0.49
0.5
0.5
0.5
-0.32
-0.1
0.06
0.18
0.27
0.33
0.37
0.41
0.43
0.45
0.46
0.47
0.48
0.48
0.49
0.49
0.49
0.49
0.49
0.49
-0.32
-0.91
-0.53
-0.25
-0.05
0.1
0.2
0.28
0.34
0.38
0.14
-0.03
0.11
0.21
0.29
0.35
0.12
0.22
0.29
0.35
0.39
0.42
0.44
0.45
0.46
0.47
0.48
0.48
0.49
0.49
0.49
0.49
0.49
0.49
0.49
0.49
0.49
0.49
0.49
0.49
0.49
0.22
0.3
0.08
0.19
0.27
0.33
0.38
0.41
0.43
0.45
0.46
0.2
0.01
0.14
0.24
0.31
0.36
0.39
0.42
0.44
0.19
0
-0.14
0.03
0.16
0.25
0.32
0.36
0.4
0.43
0.44
0.46
0.47
0.48
0.48
0.48
0.49
0.49
0.49
0.49
0.49
0.49
0.49
0.49
0.49
0.49
0.49
0.49
0.49
0.49
0.49
0.49
0.5
0.5
0.5
0.5
0.5
0.5
0.5
0.5
0.5
0.5
0.5
0.5
0.5
0.5
0.5
0.5
0.5
0.5
0.5
0.5
0.5
0.5
0.5
-0.59
-0.29
-0.08
0.07
0.19
0.27
0.33
0.38
0.41
0.43
0.45
0.46
0.47
0.48
0.48
0.49
0.49
0.49
0.49
-0.59
-0.3
-0.35
-0.39
-0.15
0.02
0.15
0.24
0.31
0.36
0.4
0.42
0.44
0.46
0.47
0.47
0.48
0.48
0.49
0.49
0.49
0.49
0.49
0.49
0.49
0.49
0.49
0.49
0.22
0.3
0.35
0.39
0.42
0.44
0.45
0.47
0.47
0.48
0.48
0.49
0.49
0.49
0.49
0.49
0.49
0.49
0.49
0.49
0.49
0.49
0.49
0.49
0.49
0.49
0.49
0.49
0.5
0.5
0.5
0.22
0.03
0.15
0.25
0.31
0.36
0.4
0.42
-0.1
-0.48
-0.21
-0.02
0.12
0.22
0.29
0.35
0.39
0.42
0.17
-0.01
-0.15
-0.24
-0.04
0.1
0.21
0.29
0.34
-0.43
-0.99
-0.59
-0.3
-0.08
0.07
0.19
0.27
0.33
0.38
0.14
-0.04
0.11
0.21
0.29
0.34
0.39
0.41
0.44
-0.36
-0.13
0.04
-0.11
-0.21
-0.29
-0.08
0.08
0.19
0.27
0.33
0.38
0.41
0.43
0.45
0.46
0.47
0.48
0.48
0.49
0.49
0.49
0.49
0.49
0.49
0.49
0.49
0.49
0.49
0.49
0.49
0.49
0.49
0.49
0.49
0.49
0.5
0.5
0.5
0.22
0.3
0.35
0.39
0.42
0.44
0.45
0.47
0.47
0.48
0.48
0.49
0.49
0.22
0.02
0.15
0.24
0.31
0.36
0.4
0.42
0.44
0.46
0.47
0.47
0.48
-0.06
-0.45
-0.19
-0.01
0.13
0.23
0.3
0.35
0.39
0.42
0.44
0.45
0.47
0.2
0.28
0.34
0.38
0.41
0.43
0.45
0.46
0.47
0.48
0.48
0.49
0.49
0.49
0.49
0.49
0.49
0.49
0.49
0.49
0.49
0.49
0.49
0.49
0.49
0.49
0.49
0.49
0.5
0.5
0.5
0.5
0.5
0.5
0.5
0.5
0.5
0.5
0.5
0.5
0.5
0.5
0.5
0.5
0.5
0.5
0.5
0.5
0.5
0.5
0.5
0.5
0.5
0.22
0.3
0.35
0.39
0.42
-0.1
0.06
0.18
0.26
0.33
0.37
0.4
0.43
0.45
0.46
0.47
0.48
0.48
0.49
0.49
0.49
0.49
0.49
0.49
0.49
0.49
0.49
0.49
0.49
0.49
0.49
0.49
0.49
0.49
0.49
0.5
0.5
0.5
0.5
0.5
0.5
0.5
0.5
0.5
0.5
0.5
0.5
0.5
0.5
0.5
0.5
0.5
0.5
0.5
0.5
0.5
0.5
0.5
0.5
0.5
0.5
0.5
0.5
0.5
0.5
0.5
0.5
0.5
0.5
0.5
0.5
0.5
0.5
0.5
0.5
0.5
0.5
0.5
0.5
0.5
0.5
0.5
0.5
0.5
0.5
0.5
0.5
0.5
0.5
0.5
0.5
0.5
0.22
0.03
0.15
0.25
0.31
0.36
0.4
0.42
0.44
0.46
0.47
0.48
0.48
0.48
0.49
0.49
0.49
0.49
0.49
0.49
0.49
0.49
0.49
0.49
0.49
0.49
0.49
0.49
0.49
0.49
0.22
0.03
0.15
0.25
0.31
0.36
0.4
0.42
0.44
0.46
0.47
0.48
0.48
0.48
0.49
0.49
0.49
0.49
0.49
0.49
0.49
0.49
0.49
0.49
0.49
0.49
0.49
0.49
0.22
0.03
-0.12
0.05
0.17
0.26
0.05
0.17
0.26
0.32
0.37
0.4
0.43
0.45
0.46
0.47
0.48
0.48
0.48
0.49
0.49
0.49
0.49
0.49
0.49
0.49
0.49
0.49
0.49
0.49
0.49
0.49
0.49
0.22
0.03
0.15
0.25
0.31
0.36
0.4
0.42
0.44
0.46
0.47
0.48
0.48
0.21
0.02
0.15
0.24
0.31
0.36
0.4
0.42
0.44
0.46
0.47
0.47
0.48
0.48
0.49
0.49
0.49
0.49
0.49
0.49
0.49
0.49
0.22
0.03
0.15
0.25
0.31
0.09
-0.07
0.08
0.19
0.28
0.33
0.38
0.41
0.43
0.45
0.46
0.47
0.48
0.48
0.49
0.49
0.49
-0.05
0.1
0.21
0.28
0.34
0.38
0.41
0.44
0.45
0.46
0.47
0.48
0.48
0.49
0.49
0.49
0.49
0.49
0.49
0.49
0.49
0.49
0.49
0.49
0.49
0.49
0.49
0.49
0.49
0.49
0.5
0.5
0.5
0.5
0.5
-0.05
-0.44
-0.46
-0.47
-0.21
-0.02
0.12
-0.05
-0.17
0.01
0.14
0.24
0.31
0.36
0.39
0.42
0.44
0.46
0.47
-0.07
-0.45
-0.2
-0.28
-0.07
0.08
0.19
0.27
-0.21
-0.02
0.12
-0.05
0.1
0.21
0.28
0.34
0.38
0.41
0.44
0.45
0.46
0.47
0.48
0.48
0.49
0.49
0.49
0.49
0.49
0.49
0.49
0.49
0.49
0.49
0.49
0.49
0.49
0.49
0.49
0.49
0.49
0.5
0.22
0.3
0.35
0.39
0.42
0.17
0.26
0.32
0.37
0.4
0.43
0.45
-0.08
0.07
0.19
0.27
0.33
0.38
0.41
0.43
0.45
0.46
0.47
0.48
0.21
-0.52
-0.25
-0.59
-0.29
-0.08
0.07
0.19
0.27
-0.21
-0.02
0.12
0.22
0.3
0.35
0.39
0.42
-0.1
-0.48
-0.22
-0.02
0.12
0.22
0.29
0.35
0.39
0.42
0.44
0.45
0.46
0.47
0.48
0.48
0.49
0.49
0.49
0.49
0.49
0.49
0.49
0.49
0.49
0.49
0.49
0.49
0.49
0.49
0.49
0.49
0.49
0.5
-0.05
0.1
0.21
0.28
0.34
0.38
0.41
0.44
0.45
0.46
0.47
0.48
0.48
0.49
0.49
0.49
0.49
-0.05
0.1
0.21
0.28
0.34
0.38
0.41
0.44
0.45
0.46
0.47
0.48
0.48
0.49
0.49
0.49
0.49
0.49
0.49
0.49
-0.59
-0.29
-0.35
-0.12
-0.23
-0.03
0.11
0.21
0.29
0.35
-0.15
-0.52
-0.79
-0.98
-1.12
-1.23
-0.76
-0.42
-0.17
0.01
0.14
0.24
-0.24
-0.04
0.11
0.21
0.29
0.34
0.38
0.41
0.44
0.45
0.46
0.47
0.48
0.48
0.49
0.49
0.49
0.49
0.49
0.49
0.49
0.49
0.49
0.49
0.49
0.49
0.49
0.49
0.49
0.49
0.49
0.5
0.5
0.5
0.5
0.5
0.5
0.5
0.5
0.5
0.5
0.5
0.5
0.5
0.5
0.5
0.5
0.5
0.5
0.5
0.5
0.5
0.22
0.3
-0.46
-0.2
-0.01
0.12
0.22
0.3
0.35
0.39
0.42
-0.1
0.06
0.18
0.26
0.33
0.37
0.4
0.43
0.45
0.46
0.47
0.48
0.48
0.21
0.29
0.35
0.39
0.42
0.44
0.45
-0.62
-0.32
-0.1
0.06
0.18
0.26
-0.75
-0.42
-0.17
0.01
0.14
0.24
0.31
0.36
0.39
-0.12
0.05
0.17
0.26
0.32
0.37
0.4
0.43
0.45
0.46
0.2
0.28
-0.2
-0.55
-0.81
-1
-1.14
-1.24
-0.77
-0.43
-0.18
0
0.14
0.23
0.3
0.36
0.39
0.42
0.44
0.46
0.47
0.47
0.48
0.48
0.49
0.49
0.49
0.49
0.49
-0.59
-0.29
-0.08
0.07
0.19
0.27
0.33
0.38
0.41
0.43
0.45
0.46
0.47
0.48
0.48
0.49
0.49
-0.32
-0.1
-0.48
-0.22
-0.02
0.12
0.22
0.29
0.35
0.39
0.42
0.44
0.45
0.46
0.47
0.48
0.48
0.49
0.49
0.49
0.49
0.49
0.49
-0.05
-0.44
-0.19
0
0.13
0.23
0.3
0.35
0.39
0.42
0.44
0.45
0.47
0.47
0.48
0.48
0.49
0.49
0.49
0.49
0.49
0.49
0.49
0.49
0.49
0.49
0.49
0.49
0.49
0.49
0.49
0.49
0.49
0.5
0.5
0.5
0.5
0.5
0.5
0.5
0.5
0.5
0.5
0.5
0.5
0.5
0.5
0.5
0.5
0.5
-0.32
-0.1
0.06
0.18
0.27
0.33
0.37
0.41
0.43
0.45
0.46
0.47
0.48
0.48
0.49
0.49
0.49
0.49
0.49
0.49
0.49
0.49
0.49
0.49
0.49
0.49
0.49
0.22
0.03
-0.12
-0.22
-0.03
0.11
0.22
0.29
0.35
0.39
0.42
0.44
-0.36
-0.13
0.04
0.16
0.25
0.32
0.37
0.4
0.43
0.44
0.46
0.47
0.48
-0.33
-0.11
0.06
0.17
0.26
0.32
0.37
0.13
-0.85
-0.49
-0.22
-0.03
0.11
0.22
0.29
0.35
0.39
0.42
0.44
0.45
0.46
0.47
0.48
0.48
0.49
0.49
0.49
0.49
0.49
0.49
0.49
0.49
0.49
0.49
0.49
0.49
-0.32
-0.1
0.06
0.18
0.27
0.33
0.37
0.41
-0.65
-0.34
-0.12
0.05
0.17
0.26
0.32
0.37
0.4
0.43
0.45
0.46
0.47
0.48
0.48
0.48
0.49
0.49
0.49
0.49
0.49
0.49
0.49
0.49
0.49
0.49
0.49
0.49
0.49
0.49
0.49
0.49
0.5
0.5
0.5
0.5
0.5
0.5
-0.59
-0.29
-0.08
0.07
0.19
0.27
0.33
0.38
0.41
0.43
0.45
0.46
0.47
0.48
0.48
0.49
0.49
0.49
0.49
0.49
0.49
0.49
0.49
-0.59
-0.29
-0.08
0.07
0.19
0.27
-0.75
-0.41
-0.17
0.01
0.14
0.24
0.31
0.36
0.39
0.42
-0.1
-0.21
-0.02
0.12
-0.32
-0.64
-0.33
-0.11
0.05
0.17
0.26
0.32
0.37
0.4
0.43
0.45
0.46
0.47
0.48
-0.33
-0.11
0.06
0.17
0.26
0.32
-0.71
-0.38
-0.15
0.03
0.15
-0.02
0.12
0.22
0.29
0.35
0.39
-0.66
-1.43
-0.91
-0.53
-0.25
-0.05
0.1
0.2
0.28
0.34
0.38
0.41
0.43
0.18
0.27
0.33
0.37
0.14
0.23
0.3
0.36
0.39
0.42
0.44
0.46
0.47
0.47
0.48
0.48
0.49
0.49
0.22
0.29
0.35
-0.69
-0.37
-0.14
0.03
0.16
0.25
0.32
0.36
0.4
0.43
0.44
0.46
0.47
0.48
0.48
0.48
-0.59
-0.3
-0.62
-1.4
-0.89
-0.52
-0.24
-0.04
0.1
