7
104
119
80
14
224
126
68
148
57
0
40
114
76
82
85
20
46
35
76
63
0
39
81
63
34
47
45
72
49
94
96
0
50
59
51
105
48
45
75
37
58
30
0
39
40
52
40
27
89
49
37
47
2356
0
32
4
20
14
34
22
43
28
20
40
0
37
53
318
28
33
31
32
16
62
36
0
20
16
28
56
22
33
21
26
18
32
0
36
22
35
93
30
17
16
26
21
36
0
24
14
59
20
15
25
9
33
12
15
0
53
31
25
28
20
234
7
15
379
22
0
27
12
58
41
8
21
253
35
9
209
0
5
5
19
7
19
10
6
46
9
6
0
24
9
7
70
10
68
40
12
15
4
0
14
7
29
5
14
21
10
17
7
14
0
30
10
264
15
4
58
8
13
21
13
0
7
22
68
15
4
14
9
7
2
13
0
9
16
12
7
17
13
10
40
1
20
0
3
20
10
3
2
1
1
18
262
526
0
21
2
1
20
54
9
15
11
4
201
0
20
2
17
6
22
2
23
4
31
2
0
7
8
12
39
12
12
3
7
12
49
0
9
10
16
10
6
4
12
14
29
24
0
5
11
21
7
1
19
5
161
5
4
0
14
42
4
9
16
8
2
3
7
336
0
170
28
2
2
12
6
4
8
3
1
0
6
21
7
4
6
11
5
42
32
3
0
16
60
16
6
19
148
5
5
6
2
0
14
75
2
18
5
24
62
4
14
8
0
162
1
2
3
4
4
5
12
8
11
0
16
2
6
9
10
10
4
8
14
20
0
7
1
11
5
12
6
1
1
3
13
0
11
8
3
15
50
2
26
2
36
3
0
1
8
31
2
24
3
16
2
14
11
0
5
6
4
8
7
2
13
5
11
3
0
1
9
9
10
10
31
6
6
4
6
0
13
22
10
26
4
5
17
10
3
160
0
12
2
5
12
16
5
6
9
1
6
0
11
32
21
2
16
5
14
4
17
8
0
51
2
9
6
191
38
8
16
13
2
0
4
10
7
6
5
242
23
8
194
19
0
6
7
20
128
2
5
14
9
19
4
0
3
11
4
7
6
7
2
5
6
3
0
9
5
4
86
550
138
5
19
8
5
0
26
34
154
2
18
9
2
182
1
12
0
6
6
1
25
150
30
2
119
3
164
0
4
198
5
2
1
1
9
3
12
36
0
7
12
2
2
7
12
2
11
7
15
0
117
36
206
3
0
2
53
1
4
165
0
4
120
4
17
24
4
1
133
27
5
0
5
103
47
8
28
1
5
87
27
5
0
3
2
112
14
4
12
4
144
2
20
0
9
7
4
16
12
171
1
111
7
15
0
5
32
36
144
38
30
14
6
328
24
0
6
6
2
107
5
14
9
10
17
115
0
6
6
2
107
5
14
9
10
17
115
0
6
6
2
107
5
14
9
10
17
115
0
6
6
2
107
5
14
9
10
17
115
0
5
8
11
30
3
2
105
19
12
14
0
5
8
11
30
3
2
105
19
12
14
0
24
11
2
6
14
31
4
3
22
2
0
24
11
2
6
14
31
4
3
22
2
0
24
11
2
6
14
31
4
3
22
2
0
24
11
2
6
14
31
4
3
22
2
0
24
11
2
6
14
31
4
3
22
2
0
24
11
2
6
14
31
4
3
22
2
0
82
14
4
13
20
75
7
13
10
12
0
82
14
4
13
20
75
7
13
10
12
0
85
3
3
16
3
171
5
85
7
11
0
7
4
76
15
2
86
17
1
6
5
0
7
4
76
15
2
86
17
1
6
5
0
3
13
4
21
13
66
6
18
152
162
0
78
3
55
129
15
10
1
7
8
79
0
3
106
10
11
13
76
9
290
131
82
0
3
106
10
11
13
76
9
290
131
82
0
51
81
10
6
76
7
23
88
2
4
0
119
86
79
114
8
32
76
64
2
70
0
99
61
61
124
70
124
58
96
9
5
0
99
61
61
124
70
124
58
96
9
5
0
5
75
42
81
206
83
115
63
116
63
0
5
75
42
81
206
83
115
63
116
63
0
5
75
42
81
206
83
115
63
116
63
0
64
38
61
51
62
34
52
8
104
54
0
64
38
61
51
62
34
52
8
104
54
0
71
62
55
55
52
31
58
30
55
54
0
60
30
80
68
65
31
72
100
52
42
0
60
30
80
68
65
31
72
100
52
42
0
39
70
5
32
83
35
54
76
80
60
0
39
70
5
32
83
35
54
76
80
60
0
83
43
27
43
42
67
21
77
41
56
0
83
43
27
43
42
67
21
77
41
56
0
52
55
77
61
49
23
42
50
34
48
0
67
44
47
47
51
50
54
51
30
90
0
49
53
34
59
52
39
36
36
31
41
0
49
53
34
59
52
39
36
36
31
41
0
49
53
34
59
52
39
36
36
31
41
0
66
99
45
50
33
116
49
54
53
47
0
631
51
29
57
43
41
44
52
16
42
0
32
20
40
87
47
46
31
30
27
67
0
32
20
40
87
47
46
31
30
27
67
0
68
28
44
102
16
35
35
28
39
34
0
68
28
44
102
16
35
35
28
39
34
0
27
42
56
29
31
44
40
31
80
69
0
49
48
37
46
42
38
36
52
88
17
0
30
44
33
21
66
20
49
20
60
34
0
30
44
33
21
66
20
49
20
60
34
0
24
40
25
56
24
45
28
22
40
32
0
21
47
59
61
40
51
27
32
51
21
0
21
47
59
61
40
51
27
32
51
21
0
41
28
22
33
37
47
18
20
72
35
0
41
28
22
33
37
47
18
20
72
35
0
66
25
22
38
37
26
23
32
29
21
0
31
15
36
41
32
60
21
20
30
31
0
31
15
36
41
32
60
21
20
30
31
0
30
36
20
50
19
76
20
72
26
25
0
14
32
22
26
27
32
22
105
30
28
0
14
32
22
26
27
32
22
105
30
28
0
36
33
55
25
31
30
31
28
22
26
0
28
53
27
27
28
23
32
24
22
21
0
28
53
27
27
28
23
32
24
22
21
0
28
54
20
21
28
30
92
29
19
28
0
24
40
28
29
20
21
29
22
25
27
0
24
40
28
29
20
21
29
22
25
27
0
24
7
22
21
27
28
17
15
17
26
0
24
7
22
21
27
28
17
15
17
26
0
24
27
27
10
32
28
27
26
28
40
0
26
22
23
52
78
54
23
21
62
23
0
26
22
23
52
78
54
23
21
62
23
0
26
22
23
52
78
54
23
21
62
23
0
30
24
22
13
13
10
12
18
22
32
0
24
19
24
19
22
23
42
29
19
20
0
24
19
24
19
22
23
42
29
19
20
0
21
23
26
21
33
19
21
21
23
21
0
21
23
26
21
33
19
21
21
23
21
0
21
23
26
21
33
19
21
21
23
21
0
23
19
32
20
23
19
20
42
20
12
0
23
19
32
20
23
19
20
42
20
12
0
23
19
32
20
23
19
20
42
20
12
0
23
19
32
20
23
19
20
42
20
12
0
16
50
15
37
15
25
38
23
50
16
0
18
20
28
23
18
21
22
53
28
13
0
14
16
21
102
13
42
46
29
46
17
0
14
16
21
102
13
42
46
29
46
17
0
21
37
14
12
14
15
15
37
18
14
0
35
16
9
27
14
36
25
26
15
25
0
35
16
9
27
14
36
25
26
15
25
0
35
16
9
27
14
36
25
26
15
25
0
14
42
25
14
15
36
21
13
30
11
0
15
39
26
13
11
14
13
14
13
11
0
15
11
18
3
26
10
11
36
35
21
0
15
11
18
3
26
10
11
36
35
21
0
15
11
18
3
26
10
11
36
35
21
0
10
57
12
14
13
17
10
37
14
24
0
8
10
13
15
26
5
12
11
20
12
0
8
10
13
15
26
5
12
11
20
12
0
10
13
9
11
33
10
23
14
7
27
0
10
13
9
11
33
10
23
14
7
27
0
11
11
11
8
11
9
15
20
12
30
0
11
11
11
8
11
9
15
20
12
30
0
9
14
40
14
10
39
11
12
21
9
0
11
10
34
15
9
7
34
8
5
13
0
11
10
34
15
9
7
34
8
5
13
0
11
10
34
15
9
7
34
8
5
13
0
5
10
39
22
8
24
27
36
7
9
0
6
36
10
6
43
11
11
31
40
9
0
6
36
10
6
43
11
11
31
40
9
0
25
8
8
5
10
9
15
7
6
22
0
25
8
8
5
10
9
15
7
6
22
0
11
5
7
7
15
9
39
13
9
8
0
11
5
7
7
15
9
39
13
9
8
0
8
27
8
33
7
4
7
7
8
6
0
8
27
8
33
7
4
7
7
8
6
0
5
8
21
4
5
8
7
9
7
6
0
5
8
21
4
5
8
7
9
7
6
0
53
7
6
7
4
6
22
4
6
12
0
2
5
12
7
34
43
5
12
10
6
0
2
5
12
7
34
43
5
12
10
6
0
3
24
6
7
5
5
2
6
25
5
0
23
5
6
6
13
11
7
9
7
40
0
28
9
6
5
6
26
5
5
6
1
0
28
9
6
5
6
26
5
5
6
1
0
28
9
6
5
6
26
5
5
6
1
0
1
4
4
4
3
3
5
3
26
2
0
1
4
4
4
3
3
5
3
26
2
0
33
4
1
4
1
2
48
5
15
27
0
52
3
3
3
31
19
4
3
7
4
0
52
3
3
3
31
19
4
3
7
4
0
52
3
3
3
31
19
4
3
7
4
0
3
34
6
24
15
5
3
3
1
3
0
3
34
6
24
15
5
3
3
1
3
0
2
29
26
13
5
3
8
10
22
5
0
2
29
26
13
5
3
8
10
22
5
0
2
29
26
13
5
3
8
10
22
5
0
6
61
2
3
11
2
2
3
60
2
0
6
61
2
3
11
2
2
3
60
2
0
6
61
2
3
11
2
2
3
60
2
0
21
1
25
2
5
2
24
2
28
2
0
21
1
25
2
5
2
24
2
28
2
0
2
1
4
11
3
22
2
29
18
5
0
2
1
4
11
3
22
2
29
18
5
0
37
3
18
1
6
1
7
2
1
1
0
37
3
18
1
6
1
7
2
1
1
